# x0 y0 zi zf ux uy uz E deltaE deltaX
0.0 0.0 -10.0 -9.33211850211 0.0 0.0 1.0 2.447 0.05 0.667881497887
-0.0582925457383 -0.187723521322 -9.33211850211 -8.78818134036 -0.173713706806 -0.559422278278 0.810475331292 2.397 0.05 0.671133519744
-0.121336236565 -0.580264130547 -8.78818134036 -8.25250878002 -0.0140896787399 -0.607391884506 0.79427739461 2.347 0.05 0.674414963805
-0.10664878878 -0.822232896261 -8.25250878002 -7.57999315129 0.0573643415934 -0.109636615701 0.992315043124 2.297 0.05 0.677723907729
-0.0300570892039 -1.03910616302 -7.57999315129 -7.01291717722 0.167836154254 -0.527771490751 0.83263934502 2.247 0.05 0.681058344731
0.0117536614682 -1.40242921363 -7.01291717722 -6.43616248932 -0.0448334111918 -0.536519932854 0.842695868562 2.197 0.05 0.684416180752
0.0270672132018 -1.69797295275 -6.43616248932 -5.78872226188 0.089142542284 -0.325510478378 0.941327007804 2.147 0.05 0.687795231706
-0.0236377872346 -1.90466462273 -5.78872226188 -5.14423805772 -0.235421603541 -0.274161810846 0.932422634893 2.097 0.05 0.691193220803
0.0616634362431 -2.14563046722 -5.14423805772 -4.60958125694 0.479874074087 -0.421004362515 0.769724755846 2.047 0.05 0.694607775982
0.343800865505 -2.4359070025 -4.60958125694 -4.01720992826 0.33085739421 -0.412757921148 0.848624936722 1.997 0.05 0.69803667445
0.552407941534 -2.51734428069 -4.01720992826 -3.35260968152 0.265529424801 0.178544828658 0.947425917275 1.947 0.05 0.701479909529
0.728559307188 -2.3929632326 -3.35260968152 -2.67872958318 0.235536767924 0.175215722308 0.955940312787 1.897 0.05 0.704939512773
0.925079658969 -2.46043142409 -2.67872958318 -2.05943310244 0.320434558055 -0.364831158338 0.87419672838 1.847 0.05 0.708417751566
1.11943886542 -2.70277894132 -2.05943310244 -1.40407982387 0.227156941183 -0.31779290513 0.920547333667 1.797 0.05 0.711916980906
1.24097188904 -2.93325432937 -1.40407982387 -0.733149890646 0.113705259187 -0.328062419434 0.937787909385 1.747 0.05 0.715438881771
1.43872005346 -3.15288524548 -0.733149890646 -0.119636245279 0.436935675132 -0.284505511694 0.853313441599 1.697 0.05 0.718978062994
1.71690472226 -3.32373380755 -0.119636245279 0.547116246202 0.335245112552 -0.189812611216 0.922811945704 1.647 0.05 0.722522605592
1.67251250444 -3.43590621564 0.547116246202 1.1874233744 -0.45589451931 -0.120101586236 0.881893302076 1.597 0.05 0.726059634076
1.31301851253 -3.31741785879 1.1874233744 1.71340828935 -0.531790375579 0.444337158794 0.720946243319 1.547 0.05 0.729575776037
0.969460502449 -3.02146860405 1.71340828935 2.32677374656 -0.408064407388 0.365211336057 0.836722247486 1.497 0.05 0.733057426225
0.647770596433 -2.83974443868 2.32677374656 2.97078726447 -0.467411344015 0.129977410388 0.874432677954 1.447 0.05 0.736492967546
0.472637449263 -3.0160879617 2.97078726447 3.55925954776 -0.00813805869713 -0.606069888445 0.795369764525 1.397 0.05 0.739872584471
0.267438575494 -3.2988976593 3.55925954776 4.17168790379 -0.544112022587 -0.157705940785 0.824057609101 1.347 0.05 0.743186337061
-0.14912369986 -3.65967910832 4.17168790379 4.2615512969 -0.57440264881 -0.809671162447 0.120391884037 1.297 0.05 0.74642401211
-0.610201891774 -4.23409156489 4.2615512969 4.4097461246 -0.658253788101 -0.726370629994 0.197705989623 1.247 0.05 0.749571765566
-1.01932210279 -4.84561334589 4.4097461246 4.3897327059 -0.431622233923 -0.901662388488 -0.0265929383312 1.197 0.05 0.752583955029
-1.33834549305 -5.51188714833 4.3897327059 4.60145502024 -0.414642117172 -0.865744185217 0.280283642817 1.147 0.05 0.755385909142
-1.73820863771 -6.10222038188 4.60145502024 4.35587550909 -0.641921266585 -0.694941567176 -0.324026705252 1.097 0.05 0.757898985412
-2.05521371813 -6.64190390742 4.35587550909 3.85541187403 -0.194066205101 -0.727158140373 -0.658467422829 1.047 0.05 0.760043120895
-2.24774431417 -7.08658121594 3.85541187403 3.21473896188 -0.311866784463 -0.441990063153 -0.841061170678 0.997 0.05 0.761743538393
-2.50611992796 -7.21622648868 3.21473896188 2.50890248436 -0.365917975349 0.101434318737 -0.925102758778 0.947 0.05 0.762981702104
-2.88502081772 -7.43890462231 2.50890248436 2.22425662445 -0.626637253462 -0.684423175023 -0.37268038594 0.897 0.05 0.763780093223
-3.10206285698 -8.06998070243 2.22425662445 2.03687184804 0.0582781555281 -0.967708286313 -0.245243408046 0.847 0.05 0.764076710171
-3.39291465642 -8.65769360463 2.03687184804 2.00553245846 -0.819978964148 -0.570920837523 -0.0410352974552 0.797 0.05 0.763717860588
-3.70604285111 -9.188045306 2.00553245846 2.44262344173 -3.12286660045e-05 -0.819346325952 0.573298872469 0.747 0.05 0.762413819841
-3.94440978786 -9.57808373068 2.44262344173 3.01347680697 -0.627427208023 -0.204526010562 0.751334951694 0.697 0.05 0.759785451163
-4.31461277922 -9.30242797565 3.01347680697 3.0581643003 -0.348977621617 0.935263117318 0.0591398427049 0.647 0.05 0.755624149167
-4.40712776108 -8.62873182668 3.0581643003 2.6767045481 0.104918065496 0.854491890711 -0.508759086643 0.597 0.05 0.749784647025
-4.4740903211 -8.16475726169 2.6767045481 2.02707917056 -0.286728438245 0.387442529919 -0.876170696104 0.547 0.05 0.741437005856
-4.84964241371 -7.88384282137 2.02707917056 1.61703264598 -0.73726024931 0.375897261059 -0.561380952577 0.497 0.05 0.730424719072
-5.40410001383 -7.59322120438 1.61703264598 1.92181843793 -0.796924076805 0.428468883201 0.425824414445 0.447 0.05 0.715754619993
-5.88165703274 -7.5995473307 1.92181843793 2.40600972798 -0.552746669139 -0.458808353796 0.695676659263 0.397 0.05 0.696000481839
-5.94933952468 -7.58804874721 2.40600972798 2.92495984321 0.372254364864 0.511067353404 0.774749538964 0.347 0.05 0.66982952443
-5.93667400443 -7.45415219323 2.92495984321 3.5150492792 -0.352466820743 -0.117273258102 0.928447156929 0.297 0.05 0.635565989493
-6.25476804232 -7.69961916519 3.5150492792 3.44605951548 -0.698663467006 -0.705828382994 -0.116942950328 0.247 0.05 0.589943759147
-6.69531768597 -7.83019440679 3.44605951548 3.63361982938 -0.887499576941 0.29382611205 0.354979882257 0.197 0.05 0.528368854902
-6.88081215539 -7.75778320684 3.63361982938 4.06658589277 0.220567981451 -0.023480915272 0.975088925266 0.147 0.05 0.444027259638
-6.98850476729 -7.7516558579 4.06658589277 4.14957363653 -0.964309675107 0.0698044752439 0.25540983875 0.097 0.05 0.324919917599
-7.14984040817 -7.66864594353 4.14957363653 4.15384577589 -0.0650480750118 0.997439214307 0.0297281297581 0.047 0.047 0.143706967131
