# x0 y0 zi zf ux uy uz E deltaE deltaX
0.0 0.0 -10.0 -9.33211850211 0.0 0.0 1.0 2.447 0.05 0.667881497887
0.0890520973865 -0.103678019588 -9.33211850211 -8.71917268873 0.265378184122 -0.308963914148 0.913299358998 2.397 0.05 0.671133519744
0.140908402681 -0.400148860765 -8.71917268873 -8.17087974934 -0.110305358238 -0.571733522936 0.812990471466 2.347 0.05 0.674414963805
0.252203269451 -0.726650951093 -8.17087974934 -7.62352326784 0.438203985924 -0.394583302181 0.807639328141 2.297 0.05 0.677723907729
0.625614583619 -1.03877209367 -7.62352326784 -7.25724457983 0.660503338801 -0.523925373561 0.537808090653 2.247 0.05 0.681058344731
1.1443848407 -1.37055961362 -7.25724457983 -7.08713050239 0.858686892678 -0.448194097171 0.248553558824 2.197 0.05 0.684416180752
1.70208629104 -1.71187143089 -7.08713050239 -6.85623859894 0.767239539918 -0.546488729467 0.335698610292 2.147 0.05 0.687795231706
2.21242537794 -2.08996861774 -6.85623859894 -6.55610631765 0.713222383881 -0.550239817104 0.434223415772 2.097 0.05 0.691193220803
2.76257135601 -2.33149884056 -6.55610631765 -6.23502959815 0.874331529953 -0.147908528787 0.462241758003 2.047 0.05 0.694607775982
3.34801961007 -2.43835237628 -6.23502959815 -5.83839395365 0.807377390397 -0.158972531509 0.568216053716 1.997 0.05 0.69803667445
3.78685439261 -2.49607539824 -5.83839395365 -5.21117696458 0.44775414406 -0.00638277251325 0.894133931071 1.947 0.05 0.701479909529
4.04703568443 -2.54200457227 -5.21117696458 -4.54277878473 0.292609569233 -0.12395526111 0.948163874674 1.897 0.05 0.704939512773
4.37701286846 -2.65588993092 -4.54277878473 -4.01711845822 0.640416364335 -0.198173684432 0.742020263261 1.847 0.05 0.708417751566
4.82552928488 -2.86776054587 -4.01711845822 -3.53755818728 0.622755916568 -0.398011961424 0.673618250155 1.797 0.05 0.711916980906
5.12495520808 -3.22990470945 -3.53755818728 -2.99603550077 0.217350969292 -0.616316591765 0.75690977987 1.747 0.05 0.715438881771
5.24915735468 -3.73471750674 -2.99603550077 -2.56604525579 0.129215289812 -0.790968140222 0.598057530704 1.697 0.05 0.718978062994
5.17187627103 -4.28692594504 -2.56604525579 -2.14915763056 -0.342501569034 -0.741469029623 0.576989040901 1.647 0.05 0.722522605592
4.85498053189 -4.82874139892 -2.14915763056 -1.87037977329 -0.532086255809 -0.754625029136 0.383960000236 1.597 0.05 0.726059634076
4.58687074667 -5.4596736503 -1.87037977329 -1.87883458556 -0.205452570074 -0.978598459123 -0.0115886691323 1.547 0.05 0.729575776037
4.39374170138 -6.10401592699 -1.87883458556 -1.48999205467 -0.322437047735 -0.784007913402 0.530439385765 1.497 0.05 0.733057426225
4.47832556013 -6.68605187114 -1.48999205467 -1.31496951547 0.550626560881 -0.800210037471 0.237643191325 1.447 0.05 0.736492967546
4.88001773985 -7.27035132302 -1.31496951547 -1.54647553084 0.537730114553 -0.782904855192 -0.312899842792 1.397 0.05 0.739872584471
5.39874932199 -7.74918028643 -1.54647553084 -1.5409515684 0.860633952464 -0.509169866753 0.00743280945641 1.347 0.05 0.743186337061
5.92571562394 -8.01370294165 -1.5409515684 -2.14327637176 0.555074866951 -0.20181186534 -0.806947249259 1.297 0.05 0.74642401211
6.15000432434 -8.19998167383 -2.14327637176 -2.85842373503 0.0457010164633 -0.296062701849 -0.954074574479 1.247 0.05 0.749571765566
6.07482722122 -8.42061271037 -2.85842373503 -3.55426191419 -0.245302064447 -0.291451644 -0.924598743449 1.197 0.05 0.752583955029
5.85502261746 -8.62608946129 -3.55426191419 -4.2390016066 -0.337574220822 -0.253660637006 -0.906476655337 1.147 0.05 0.755385909142
5.71456834576 -8.96541453173 -4.2390016066 -4.81911632503 -0.034186262526 -0.642616601106 -0.765424851594 1.097 0.05 0.757898985412
5.64423089962 -9.58035727849 -4.81911632503 -4.70654277737 -0.150998220303 -0.977374839797 0.148114685288 1.047 0.05 0.760043120895
5.84212015156 -10.215711549 -4.70654277737 -4.50415551179 0.670230381695 -0.692964877205 0.265689507534 0.997 0.05 0.761743538393
6.47424545209 -10.4910323608 -4.50415551179 -4.62055136767 0.987844055095 -0.0298566872211 -0.152553928309 0.947 0.05 0.762981702104
7.079006296 -10.2241125612 -4.62055136767 -4.36409971741 0.596787941041 0.728769589799 0.335766344966 0.897 0.05 0.763780093223
7.47695482194 -9.81472835749 -4.36409971741 -3.73209077414 0.445089214368 0.343092125071 0.827153785561 0.847 0.05 0.764076710171
7.72762325183 -9.39361306475 -3.73209077414 -3.26223234111 0.211144148185 0.75954997677 0.615225146979 0.797 0.05 0.763717860588
7.94554931962 -9.20192655838 -3.26223234111 -2.57872914225 0.360168679144 -0.258008007465 0.896498962993 0.747 0.05 0.762413819841
8.3380874908 -9.44475816039 -2.57872914225 -2.09583085425 0.671872254371 -0.380310432446 0.635571906851 0.697 0.05 0.759785451163
8.71767397187 -9.53829202459 -2.09583085425 -1.38961688507 0.329124206134 0.134837677188 0.934610110018 0.647 0.05 0.755624149167
8.64019790734 -9.57793202577 -1.38961688507 -0.784286132734 -0.538349683329 -0.241624856123 0.807339487058 0.597 0.05 0.749784647025
8.15796575408 -9.79476411944 -0.784286132734 -1.19835979764 -0.756393294108 -0.340551628656 -0.558474505102 0.547 0.05 0.741437005856
7.91300881123 -9.89446646555 -1.19835979764 -1.92339360722 0.0970724178324 0.0726876929171 -0.992619486508 0.497 0.05 0.730424719072
8.09136074386 -9.61083951262 -1.92339360722 -2.33114550961 0.399298535773 0.718348165447 -0.569681132325 0.447 0.05 0.715754619993
8.19180006943 -9.00961797957 -2.33114550961 -2.39007679605 -0.12201301983 0.988910303757 -0.0846713299493 0.397 0.05 0.696000481839
8.09768912148 -8.39643331349 -2.39007679605 -2.00476832721 -0.154219501442 0.803319747214 0.575233630025 0.347 0.05 0.66982952443
7.75687069849 -8.08725738782 -2.00476832721 -1.75371232623 -0.909954403212 0.126288329505 0.395011698443 0.297 0.05 0.635565989493
7.26852338454 -7.8376659658 -1.75371232623 -1.63601960735 -0.675248362338 0.710098666945 0.199498201401 0.247 0.05 0.589943759147
7.15659950713 -7.40561154046 -1.63601960735 -1.41124198454 0.33028215196 0.842575351695 0.425418002456 0.197 0.05 0.528368854902
7.28229285453 -7.09029975736 -1.41124198454 -1.80730373451 0.173133272118 0.417616235102 -0.891976204988 0.147 0.05 0.444027259638
7.32844846528 -6.83550723021 -1.80730373451 -1.82343272311 0.0475050260095 0.997636784574 -0.0496398888802 0.097 0.05 0.324919917599
7.26874434209 -6.65350536299 -1.82343272311 -1.85311010054 -0.938323160114 0.277312042688 -0.206513142857 0.047 0.047 0.143706967131
