# x0 y0 zi zf ux uy uz E deltaE deltaX
0.0 0.0 -10.0 -9.33211850211 0.0 0.0 1.0 2.447 0.05 0.667881497887
0.0131313873122 0.0041792489437 -9.33211850211 -8.66155112779 0.0391319668171 0.0124542995418 0.999156433996 2.397 0.05 0.671133519744
0.122804743216 0.0853369322561 -8.66155112779 -8.03397530036 0.286298417957 0.228282106715 0.93054849182 2.347 0.05 0.674414963805
0.202320276553 0.307710261676 -8.03397530036 -7.42275406783 -0.0502459336659 0.429068219058 0.901873499746 2.297 0.05 0.677723907729
0.223329998566 0.639948178484 -7.42275406783 -6.858473807 0.111697206452 0.548684332854 0.828534390929 2.247 0.05 0.681058344731
0.348396142142 1.05621560892 -6.858473807 -6.38141364599 0.254318903485 0.670423684096 0.69703226549 2.197 0.05 0.684416180752
0.593424929563 1.53501748958 -6.38141364599 -6.02863708497 0.459435581491 0.725150336879 0.512909285726 2.147 0.05 0.687795231706
1.00917282767 1.90763935473 -6.02863708497 -5.63972455148 0.745809100069 0.35661343153 0.562668327442 2.097 0.05 0.691193220803
1.46920090912 1.82878547068 -5.63972455148 -5.24546834337 0.582426490038 -0.581906175546 0.567595442692 2.047 0.05 0.694607775982
1.92856945145 1.56325608023 -5.24546834337 -4.79073654187 0.736607594659 -0.181741491705 0.651443997351 1.997 0.05 0.69803667445
2.49339208408 1.61106628492 -4.79073654187 -4.53819553726 0.877382432702 0.317161807277 0.360011742574 1.947 0.05 0.701479909529
3.11919516795 1.68377329326 -4.53819553726 -4.24438263452 0.902403690948 -0.109326570296 0.416791650096 1.897 0.05 0.704939512773
3.76282167672 1.54679104534 -4.24438263452 -4.04654536143 0.919108813794 -0.277937525148 0.27926639705 1.847 0.05 0.708417751566
4.43776880071 1.4291787283 -4.04654536143 -3.91592583553 0.981548786478 -0.053838802085 0.183475783561 1.797 0.05 0.711916980906
5.09666269585 1.32355047693 -3.91592583553 -4.2302181993 0.865212329607 -0.241708620693 -0.43930008807 1.747 0.05 0.715438881771
5.70022234013 1.35265240902 -4.2302181993 -4.57319200444 0.817984271352 0.321472408366 -0.477029582395 1.697 0.05 0.718978062994
6.14735888526 1.29379328345 -4.57319200444 -5.126914439 0.423738082262 -0.482822070783 -0.766373854986 1.647 0.05 0.722522605592
6.46786209057 0.974793121514 -5.126914439 -5.70261636971 0.461182596618 -0.398246162814 -0.792912735665 1.597 0.05 0.726059634076
6.48525015616 0.759932185193 -5.70261636971 -6.35259985046 -0.411293721687 -0.192675543809 -0.890906060883 1.547 0.05 0.729575776037
6.13580447327 0.612266862475 -6.35259985046 -6.94788485472 -0.544052096503 -0.211114751044 -0.812057804705 1.497 0.05 0.733057426225
5.65286048685 0.573025517803 -6.94788485472 -7.41160817222 -0.769955136353 0.103567243758 -0.629637128848 1.447 0.05 0.736492967546
5.12875547177 0.455692557941 -7.41160817222 -7.87982518263 -0.650305872941 -0.420264884722 -0.632834653198 1.397 0.05 0.739872584471
4.90255625702 0.140973051736 -7.87982518263 -8.5506900002 0.0386781295382 -0.428555437722 -0.902687232154 1.347 0.05 0.743186337061
5.15425868621 -0.271717628588 -8.5506900002 -8.82439543287 0.635911751583 -0.67908428244 -0.366688943851 1.297 0.05 0.74642401211
5.65695644897 -0.773150319661 -8.82439543287 -9.0092756619 0.708051915696 -0.66168523185 -0.24664780281 1.247 0.05 0.749571765566
5.92939533304 -1.39734534025 -9.0092756619 -9.00136390695 0.0187913168764 -0.999768156982 0.0105127871678 1.197 0.05 0.752583955029
5.94751886921 -1.86141412391 -9.00136390695 -8.26703504564 0.0292632262402 -0.232633534049 0.972124118838 1.147 0.05 0.755385909142
6.10368177591 -2.12918745101 -8.26703504564 -7.66644086344 0.382928055367 -0.474757939412 0.792446214817 1.097 0.05 0.757898985412
6.19290291358 -2.44226321625 -7.66644086344 -6.96342033768 -0.147068641544 -0.350418236217 0.924974526353 1.047 0.05 0.760043120895
6.24050455473 -2.89861022974 -6.96342033768 -6.6175458806 0.27172109926 -0.848528441062 0.454056305898 0.997 0.05 0.761743538393
6.2438940332 -3.21239299607 -6.6175458806 -5.88153865849 -0.262395328908 0.0246343056587 0.964645967364 0.947 0.05 0.762981702104
5.84937843332 -3.40548835726 -5.88153865849 -5.61204408126 -0.770939659603 -0.530239332527 0.352843154238 0.897 0.05 0.763780093223
5.43653637098 -3.76218129838 -5.61204408126 -4.95431903761 -0.309989502945 -0.403623918009 0.860810223496 0.847 0.05 0.764076710171
5.22793284547 -3.79293666139 -4.95431903761 -4.25447316266 -0.236149107838 0.323272404825 0.916367039535 0.797 0.05 0.763717860588
4.81166397853 -3.61888069175 -4.25447316266 -3.87279060453 -0.855423164544 0.132766520289 0.500623871436 0.747 0.05 0.762413819841
4.47216786256 -3.64103176167 -3.87279060453 -3.12755385931 -0.0352807354418 -0.191534556899 0.980851560237 0.697 0.05 0.759785451163
4.20337496753 -3.82569714738 -3.12755385931 -2.61766887376 -0.675970985199 -0.29618640687 0.674786514058 0.647 0.05 0.755624149167
3.90749851682 -4.30192580278 -2.61766887376 -2.77479014232 -0.107994877182 -0.9718146564 -0.209555195854 0.597 0.05 0.749784647025
3.813883119 -4.83352743428 -2.77479014232 -3.42787003885 -0.143313449322 -0.451220469481 -0.880829917274 0.547 0.05 0.741437005856
3.98606819551 -4.87058783694 -3.42787003885 -3.94034487529 0.616939755759 0.356547008554 -0.701612121087 0.497 0.05 0.730424719072
4.55766582531 -4.83064835404 -3.94034487529 -3.94785399702 0.967604249363 -0.252253744133 -0.0104911956075 0.447 0.05 0.715754619993
5.02108446941 -5.20189718388 -3.94785399702 -4.28512396821 0.33659470432 -0.80739294233 -0.484582956468 0.397 0.05 0.696000481839
5.16452877583 -5.70738589056 -4.28512396821 -3.79088358067 0.0785551166816 -0.670366892011 0.737859962147 0.347 0.05 0.66982952443
5.36356347035 -6.19804319995 -3.79088358067 -3.7550707933 0.543532628081 -0.837494597106 0.0563478662421 0.297 0.05 0.635565989493
5.5418591572 -6.46253189333 -3.7550707933 -3.16524149586 0.0188840392566 0.00560340794216 0.999805978618 0.247 0.05 0.589943759147
5.34385608204 -6.53991502119 -3.16524149586 -2.86788902319 -0.770572806557 -0.29916969898 0.562774413959 0.197 0.05 0.528368854902
5.07102807372 -6.56593826311 -2.86788902319 -2.45955831305 -0.31193883307 0.238781437687 0.919607301754 0.147 0.05 0.444027259638
4.995199924 -6.35769756778 -2.45955831305 -2.36459921565 -0.040462136955 0.955484432981 0.29225385165 0.097 0.05 0.324919917599
4.99243477367 -6.16421783884 -2.36459921565 -2.48601127509 0.0530012823341 0.532357868024 -0.844858546991 0.047 0.047 0.143706967131
