# x0 y0 zi zf ux uy uz E deltaE deltaX
0.0 0.0 -10.0 -9.33211850211 0.0 0.0 1.0 2.447 0.05 0.667881497887
0.0296222565877 0.0109220261248 -9.33211850211 -8.66396198874 0.0882753005662 0.032547997689 0.995564211468 2.397 0.05 0.671133519744
0.172147879333 0.00782846708182 -8.66396198874 -8.02909104395 0.334818686467 -0.0415636838445 0.941365448366 2.347 0.05 0.674414963805
0.527351294775 0.0069976097764 -8.02909104395 -7.55604021013 0.715040583697 0.0389088468387 0.697999330446 2.297 0.05 0.677723907729
0.97362154921 0.0328128579089 -7.55604021013 -7.01125862968 0.598980121834 0.0370908612098 0.799904420329 2.247 0.05 0.681058344731
1.25440714523 0.0274978103717 -7.01125862968 -6.34527445737 0.224469827054 -0.0524405129861 0.973069005436 2.197 0.05 0.684416180752
1.48444797235 0.0136660746139 -6.34527445737 -5.72957773898 0.445555389728 0.0119623744391 0.895174450195 2.147 0.05 0.687795231706
1.89105802422 0.0861810429782 -5.72957773898 -5.2798910114 0.733180268533 0.197921895806 0.650594817835 2.097 0.05 0.691193220803
2.36202502493 0.205375948748 -5.2798910114 -4.74810951756 0.626489920248 0.146251658018 0.765585287446 2.047 0.05 0.694607775982
2.74679108704 0.362165046463 -4.74810951756 -4.17320636661 0.47901115555 0.303695585461 0.823600208979 1.997 0.05 0.69803667445
3.2072361119 0.506908218742 -4.17320636661 -3.79629840801 0.836121872788 0.110474565253 0.537303996148 1.947 0.05 0.701479909529
3.77518634224 0.5795992343 -3.79629840801 -3.35981790166 0.779326105348 0.0963009475927 0.619174409206 1.897 0.05 0.704939512773
4.38674778117 0.672163629747 -3.35981790166 -3.1749464813 0.951056225466 0.165499025907 0.260963845056 1.847 0.05 0.708417751566
5.04626949731 0.715800350973 -3.1749464813 -2.87575135207 0.906423553226 -0.042096208087 0.420266881187 1.797 0.05 0.711916980906
5.57612358855 0.593526058134 -2.87575135207 -2.33346649826 0.579238665382 -0.299927199619 0.757975094218 1.747 0.05 0.715438881771
5.77878582821 0.497571858834 -2.33346649826 -1.61490339846 -0.0126365242352 0.0315325082576 0.999422843034 1.697 0.05 0.718978062994
5.82289995191 0.490897087994 -1.61490339846 -0.89987089551 0.134685932819 -0.049854112675 0.98963340028 1.647 0.05 0.722522605592
5.77642887575 0.557494180251 -0.89987089551 -0.219921159098 -0.262038783746 0.233059241915 0.936492960769 1.597 0.05 0.726059634076
5.72944058166 0.708850207327 -0.219921159098 0.490845779836 0.13196599781 0.182979137512 0.974219487927 1.547 0.05 0.729575776037
5.68576549682 0.922775414266 0.490845779836 1.13660858483 -0.250497926034 0.401541894398 0.880917076742 1.497 0.05 0.733057426225
5.63784014767 1.34314408674 1.13660858483 1.6225933963 0.119184663674 0.741872769187 0.659863478519 1.447 0.05 0.736492967546
5.55077375682 1.91528643498 1.6225933963 1.97091606866 -0.353995341683 0.808112953115 0.470787375653 1.397 0.05 0.739872584471
5.42802820005 2.47995798117 1.97091606866 2.49017053601 0.0220945057575 0.715086441597 0.698686778077 1.347 0.05 0.743186337061
5.32383867046 3.08960042688 2.49017053601 2.67316465076 -0.301168491814 0.921517002466 0.245161077059 1.297 0.05 0.74642401211
5.04403720339 3.76079562087 2.67316465076 2.81921730051 -0.446659753681 0.873229222114 0.194848120564 1.247 0.05 0.749571765566
4.67062663095 4.37083569358 2.81921730051 3.09634084894 -0.547470620311 0.751453936628 0.368229413575 1.197 0.05 0.752583955029
4.36794892696 4.72067598216 3.09634084894 3.8141378759 -0.255945737069 0.177589229432 0.950238835907 1.147 0.05 0.755385909142
3.94072850166 4.89658174358 3.8141378759 4.11409853755 -0.872283853186 0.287192786232 0.395779209924 1.097 0.05 0.757898985412
3.28987545245 5.05231082811 4.11409853755 3.71598327087 -0.842850929748 0.12340753463 -0.523806157486 1.047 0.05 0.760043120895
2.78588910001 5.37111968957 3.71598327087 3.3292667678 -0.482274722754 0.713918330443 -0.507672836825 0.997 0.05 0.761743538393
2.44832988976 5.58196751027 3.3292667678 2.64186822113 -0.403350127339 -0.160065481797 -0.900937132276 0.947 0.05 0.762981702104
2.20719202812 5.62826694327 2.64186822113 1.92997415583 -0.228504196595 0.281135763624 -0.932066797258 0.897 0.05 0.763780093223
2.3693552418 5.74267411878 1.92997415583 1.35138964524 0.652883901966 0.0184385298928 -0.757233538064 0.847 0.05 0.764076710171
2.68009817095 5.7974865526 1.35138964524 0.60366038945 0.160573008293 0.125093861634 -0.979064775584 0.797 0.05 0.763717860588
2.86297585028 6.18211459799 0.60366038945 0.342379130772 0.318885725783 0.883666660906 -0.342702679147 0.747 0.05 0.762413819841
2.94546716655 6.41517205764 0.342379130772 -0.384303949056 -0.102845154022 -0.273241287786 -0.956431948935 0.697 0.05 0.759785451163
3.03595263817 6.63491122232 -0.384303949056 -0.676044801881 0.342910156165 0.856355749347 -0.386092547659 0.647 0.05 0.755624149167
2.99332282139 7.14302084885 -0.676044801881 -1.23041312565 -0.459292984901 0.492322922377 -0.739370065747 0.597 0.05 0.749784647025
2.57678340951 7.55402340492 -1.23041312565 -1.55568693194 -0.659136233185 0.610798948501 -0.438707272122 0.547 0.05 0.741437005856
2.20196219388 8.11993890269 -1.55568693194 -1.48902343165 -0.357236590239 0.929544187452 0.0912667637658 0.497 0.05 0.730424719072
1.97422825683 8.55657969225 -1.48902343165 -0.828189610708 -0.271787890149 0.271489029488 0.923268676841 0.447 0.05 0.715754619993
2.03647328101 8.5394095814 -0.828189610708 -0.253424088849 0.458366760811 -0.328533894448 0.825811959699 0.397 0.05 0.696000481839
2.05349548469 8.62444245078 -0.253424088849 0.203168182072 -0.425450161006 0.595264127739 0.681654442314 0.347 0.05 0.66982952443
2.08142575752 9.00884393505 0.203168182072 0.591517426112 0.536277318657 0.582280183437 0.611028989059 0.297 0.05 0.635565989493
2.20183336555 9.07320609245 0.591517426112 1.12045731478 -0.169549057968 -0.409112160952 0.896593752323 0.247 0.05 0.589943759147
1.92349749357 9.04606160804 1.12045731478 1.30927956992 -0.864258616132 0.354040923468 0.357368253979 0.197 0.05 0.528368854902
1.55545598192 9.11033074438 1.30927956992 1.64935400256 -0.629321020046 -0.131807053205 0.76588638482 0.147 0.05 0.444027259638
1.28938172226 9.03451024833 1.64935400256 1.46758832391 -0.777769590774 -0.28657851498 -0.55941685568 0.097 0.05 0.324919917599
1.09751456043 8.95983432853 1.46758832391 1.48554623057 -0.911726793365 -0.391329475868 0.124961976528 0.047 0.047 0.143706967131
