# x0 y0 zi zf ux uy uz E deltaE deltaX
0.0 0.0 -10.0 -9.33211850211 0.0 0.0 1.0 2.447 0.05 0.667881497887
-0.0341642696794 -0.127053137526 -9.33211850211 -8.71471959297 -0.101810649221 -0.37862253572 0.919934545036 2.397 0.05 0.671133519744
-0.0329890074251 -0.429846927993 -8.71471959297 -8.14349205078 0.104800557017 -0.521164749814 0.84699713506 2.347 0.05 0.674414963805
-0.00700767730514 -0.774805494922 -8.14349205078 -7.55661848545 -0.0276165609833 -0.499371239696 0.865947856701 2.297 0.05 0.677723907729
-0.0406635231761 -0.921267218874 -7.55661848545 -6.87882235817 -0.0713526065575 0.0668259634739 0.995210076388 2.247 0.05 0.681058344731
-0.151520110318 -0.904893801111 -6.87882235817 -6.21678554134 -0.252942421641 -0.0186517281447 0.967301527121 2.197 0.05 0.684416180752
-0.471766294167 -0.872168952629 -6.21678554134 -5.71828203005 -0.679525620393 0.113718789981 0.724784773595 2.147 0.05 0.687795231706
-0.949019999812 -0.779190998057 -5.71828203005 -5.23990819531 -0.704770988921 0.155876337321 0.692098562806 2.097 0.05 0.691193220803
-1.37915156659 -0.870483685874 -5.23990819531 -4.73102254797 -0.537181149853 -0.417971196569 0.732623021124 2.047 0.05 0.694607775982
-1.80737527243 -1.1542676321 -4.73102254797 -4.31055063153 -0.692395149943 -0.397173757954 0.602363646254 1.997 0.05 0.69803667445
-2.27796660239 -1.39464058736 -4.31055063153 -3.81961337658 -0.652713564334 -0.290106756559 0.699859323531 1.947 0.05 0.701479909529
-2.7031118493 -1.63297410356 -3.81961337658 -3.30161309231 -0.556679026582 -0.387498453566 0.734815221568 1.897 0.05 0.704939512773
-3.08220035092 -1.99147721999 -3.30161309231 -2.88798962541 -0.516294179048 -0.626527583222 0.583869427306 1.847 0.05 0.708417751566
-3.35251190182 -2.49882059491 -2.88798962541 -2.50019640195 -0.245634175075 -0.80183996637 0.544716917644 1.797 0.05 0.711916980906
-3.52895782258 -3.11833942902 -2.50019640195 -2.31668084118 -0.248827266357 -0.933964028547 0.256507670252 1.747 0.05 0.715438881771
-3.75555795334 -3.78110937436 -2.31668084118 -2.22127496317 -0.382737074307 -0.914277840056 0.132696507618 1.697 0.05 0.718978062994
-3.82261669389 -4.42034508129 -2.22127496317 -1.88018367626 0.195235523617 -0.859662657701 0.472083896434 1.647 0.05 0.722522605592
-3.58713004389 -4.97106885788 -1.88018367626 -1.44704155265 0.45438584558 -0.661546004302 0.596565493076 1.597 0.05 0.726059634076
-3.34020834158 -5.40282842368 -1.44704155265 -0.848236997472 0.224695212253 -0.525233011262 0.820757178142 1.547 0.05 0.729575776037
-3.07075288844 -5.89551609844 -0.848236997472 -1.03302261008 0.511527076869 -0.821460974525 -0.252075220841 1.497 0.05 0.733057426225
-2.71624376163 -6.48891300606 -1.03302261008 -1.33145838306 0.453554271304 -0.793783204011 -0.405211979108 1.447 0.05 0.736492967546
-2.44192728289 -7.11299193831 -1.33145838306 -1.57858782612 0.290041056743 -0.896832956007 -0.334016218801 1.397 0.05 0.739872584471
-2.11809554636 -7.6776458705 -1.57858782612 -1.96308559559 0.582720678795 -0.626714626126 -0.517363883455 1.347 0.05 0.743186337061
-1.6292028097 -8.06986405078 -1.96308559559 -2.36168683775 0.729766751452 -0.426929745041 -0.534014495379 1.297 0.05 0.74642401211
-1.21406280407 -8.53635282113 -2.36168683775 -2.6825258916 0.380970305781 -0.819543845892 -0.428029801268 1.247 0.05 0.749571765566
-1.03379349095 -9.14193917025 -2.6825258916 -3.13475675544 0.0996221631037 -0.793088620521 -0.600904205859 1.197 0.05 0.752583955029
-0.975895596217 -9.70052091906 -3.13475675544 -3.68086272685 0.0540409179614 -0.688783998492 -0.722949640436 1.147 0.05 0.755385909142
-1.1358517256 -10.027001687 -3.68086272685 -4.33407185283 -0.475965812929 -0.175041544547 -0.86186832092 1.097 0.05 0.757898985412
-1.29852344032 -10.0318120081 -4.33407185283 -5.08325369441 0.0465639070994 0.161889718479 -0.985709653806 1.047 0.05 0.760043120895
-1.5818603808 -9.97567830156 -5.08325369441 -5.54978931956 -0.79037684981 -0.0141461702883 -0.612457607635 0.997 0.05 0.761743538393
-1.93374987375 -10.2368435209 -5.54978931956 -6.10666186954 -0.133311883325 -0.670467828431 -0.729863571363 0.947 0.05 0.762981702104
-1.98989223798 -10.5682184031 -6.10666186954 -6.85525277892 -0.0138393248455 -0.197956297641 -0.980113145158 0.897 0.05 0.763780093223
-1.92393956447 -10.7776044792 -6.85525277892 -7.55662033409 0.186467596708 -0.350196608765 -0.917928194679 0.847 0.05 0.764076710171
-1.51597903665 -10.8506710122 -7.55662033409 -7.895718361 0.881798819345 0.159016847737 -0.444009554332 0.797 0.05 0.763717860588
-0.94179835034 -10.7645334133 -7.895718361 -7.30145752264 0.622910881848 0.0666713926019 0.779446572052 0.747 0.05 0.762413819841
-0.486720873857 -10.958344614 -7.30145752264 -6.85919140903 0.572844725376 -0.577075530696 0.582093422468 0.697 0.05 0.759785451163
-0.355480901979 -11.0714951238 -6.85919140903 -6.15483821731 -0.228631052291 0.280764680511 0.932147539881 0.647 0.05 0.755624149167
-0.330258440357 -11.2120040226 -6.15483821731 -5.63605122164 0.297690901633 -0.657749358246 0.691914668736 0.597 0.05 0.749784647025
0.0715824025287 -11.3535838733 -5.63605122164 -5.22535658154 0.782908883133 0.283248161647 0.553917105382 0.547 0.05 0.741437005856
0.6894654466 -11.1044917394 -5.22535658154 -5.080190235 0.897133479829 0.394528815241 0.198742379261 0.497 0.05 0.730424719072
0.901914519022 -10.7266676669 -5.080190235 -4.58958599224 -0.321884509991 0.653121241407 0.685436361927 0.447 0.05 0.715754619993
1.01392856567 -10.3292824204 -4.58958599224 -4.17630892442 0.652899574478 0.470252471869 0.593788479468 0.397 0.05 0.696000481839
1.09215701227 -10.2560539548 -4.17630892442 -3.60430562754 -0.444831877911 -0.269977672251 0.853953544919 0.347 0.05 0.66982952443
1.13242914514 -10.2178196049 -3.60430562754 -3.16331783559 0.595541292678 0.404848151027 0.693850519439 0.297 0.05 0.635565989493
1.54131646441 -9.89427796187 -3.16331783559 -3.21945626573 0.744594447802 0.660699539932 -0.0951589524729 0.247 0.05 0.589943759147
1.87423908414 -9.48013914702 -3.21945626573 -3.03090195176 0.42882238382 0.829916554299 0.356861143914 0.197 0.05 0.528368854902
1.79245389772 -9.15601166717 -3.03090195176 -3.00008912811 -0.878654984073 0.472387439483 0.0693939909692 0.147 0.05 0.444027259638
1.59579873295 -9.00740933279 -3.00008912811 -3.31300306659 -0.0097364446148 0.269148684872 -0.963049420891 0.097 0.05 0.324919917599
1.59175760955 -8.89187239906 -3.31300306659 -3.3125652763 -0.0342271646893 0.99940943591 0.00304640964967 0.047 0.047 0.143706967131
