# x0 y0 zi zf ux uy uz E deltaE deltaX
0.0 0.0 -10.0 -9.33211850211 0.0 0.0 1.0 2.447 0.05 0.667881497887
-0.00439465982896 0.0491866997919 -9.33211850211 -8.66829200111 -0.0130962310767 0.146577985885 0.989112421712 2.397 0.05 0.671133519744
0.0670905314097 0.234771183216 -8.66829200111 -8.07047337084 0.225024221407 0.404492162696 0.886425513 2.347 0.05 0.674414963805
0.191245474994 0.572787166495 -8.07047337084 -7.53438740464 0.142462415643 0.594986239524 0.791009377256 2.297 0.05 0.677723907729
0.332901031162 0.958058333226 -7.53438740464 -6.99212623538 0.274221626893 0.53931639926 0.796203693054 2.247 0.05 0.681058344731
0.408412421581 1.34986144071 -6.99212623538 -6.45005394355 -0.0522169806463 0.608256047283 0.792021444075 2.197 0.05 0.684416180752
0.495145993529 1.83931561976 -6.45005394355 -6.11424510121 0.304167985931 0.81798775474 0.488239561517 2.147 0.05 0.687795231706
0.638446618699 2.36240786362 -6.11424510121 -5.62648308018 0.111974419959 0.699625511159 0.705681141459 2.097 0.05 0.691193220803
0.709695792169 2.84713971676 -5.62648308018 -5.13439042896 0.0937253932561 0.699513182347 0.708446792908 2.047 0.05 0.694607775982
0.803492951759 3.40413546041 -5.13439042896 -4.85557857464 0.175480654099 0.899815460183 0.399422930805 1.997 0.05 0.69803667445
0.851670582894 4.04796317757 -4.85557857464 -4.61812732494 -0.0372593278759 0.940228271558 0.338500428137 1.947 0.05 0.701479909529
0.777739822649 4.70970741015 -4.61812732494 -4.41487835871 -0.172674177484 0.941835732385 0.288321143229 1.897 0.05 0.704939512773
0.819705115587 5.37542385094 -4.41487835871 -4.2965098787 0.290302488844 0.942234518819 0.167088528978 1.847 0.05 0.708417751566
1.10038496893 6.00362063932 -4.2965098787 -4.47953857205 0.499642907536 0.827200268131 -0.257092748543 1.797 0.05 0.711916980906
1.31529642936 6.51454994168 -4.47953857205 -5.04425466223 0.103598857272 0.605167958095 -0.789328207571 1.747 0.05 0.715438881771
1.59573153453 6.88943197771 -5.04425466223 -5.46809188275 0.67700474437 0.440630112597 -0.589499516516 1.697 0.05 0.718978062994
2.00318738735 7.34510239993 -5.46809188275 -5.71482056653 0.454186683369 0.822863471638 -0.341482303633 1.647 0.05 0.722522605592
2.40363123254 7.85520324715 -5.71482056653 -6.06482230949 0.651086387805 0.586266216842 -0.482056468274 1.597 0.05 0.726059634076
2.90040097133 8.04650685506 -6.06482230949 -6.57392135333 0.713855846371 -0.0590165140573 -0.697801462932 1.547 0.05 0.729575776037
3.45132914487 7.96226479535 -6.57392135333 -7.00290692605 0.792631509078 -0.171101329724 -0.585200500498 1.497 0.05 0.733057426225
4.09544786249 7.83657160401 -7.00290692605 -7.16549284529 0.96021693678 -0.171025777343 -0.220756920173 1.447 0.05 0.736492967546
4.71731023886 7.73535226621 -7.16549284529 -7.66917532938 0.725167742026 -0.103368329789 -0.680769222514 1.397 0.05 0.739872584471
5.16875748457 7.49951714349 -7.66917532938 -8.18096478814 0.492962184162 -0.531752041753 -0.688642179275 1.347 0.05 0.743186337061
5.64970097981 7.07821888504 -8.18096478814 -8.22921277089 0.797836378347 -0.599398810201 -0.0646388406104 1.297 0.05 0.74642401211
6.15157829132 6.66710283801 -8.22921277089 -7.72452383075 0.544618155635 -0.500054092893 0.673303028906 1.247 0.05 0.749571765566
6.6112400375 6.20360791213 -7.72452383075 -7.70773075195 0.679117720311 -0.733690133559 0.0223138942745 1.197 0.05 0.752583955029
6.96894636822 5.6423873056 -7.70773075195 -8.15900077097 0.270483681377 -0.75494893891 -0.59740327899 1.147 0.05 0.755385909142
6.97387859115 4.99154503197 -8.15900077097 -8.1184762556 -0.256571283831 -0.965045171929 0.0534695469384 1.097 0.05 0.757898985412
6.7522505035 4.36576331881 -8.1184762556 -8.6136536151 -0.327351242014 -0.684377840357 -0.651512191735 1.047 0.05 0.760043120895
6.83745537806 3.80096122901 -8.6136536151 -8.79555811962 0.550330639635 -0.800069156115 -0.238800193705 0.997 0.05 0.761743538393
7.14923494616 3.1388187491 -8.79555811962 -8.96699399403 0.267828608381 -0.936899860007 -0.22469198662 0.947 0.05 0.762981702104
7.47338503097 2.47069230854 -8.96699399403 -8.97746559955 0.581256105067 -0.813605168214 -0.0137102362603 0.897 0.05 0.763780093223
7.86504114917 1.88720691979 -8.97746559955 -8.56392345423 0.444144402995 -0.714005987906 0.541231187684 0.847 0.05 0.764076710171
7.83974454445 1.32110230347 -8.56392345423 -8.26890078534 -0.510599036425 -0.768155252914 0.38629798268 0.797 0.05 0.763717860588
7.42976088449 0.826593856452 -8.26890078534 -8.75311875962 -0.564016161591 -0.527748838234 -0.635111748597 0.747 0.05 0.762413819841
6.91960232068 0.86008821482 -8.75311875962 -8.84544845737 -0.776934344415 0.617742447809 -0.12152074985 0.697 0.05 0.759785451163
6.28602706906 0.993380061897 -8.84544845737 -8.57762203044 -0.895745712465 -0.268345089923 0.35444397486 0.647 0.05 0.755624149167
6.01584610609 0.524990652 -8.57762203044 -8.64673771059 0.182032489533 -0.978962149265 -0.0921807087262 0.597 0.05 0.749784647025
6.31190811316 -0.0560618016088 -8.64673771059 -9.04530702707 0.614534808269 -0.577384341892 -0.53756329038 0.547 0.05 0.741437005856
6.55013854811 -0.47228722264 -9.04530702707 -9.65323987952 0.0285067319278 -0.553591237842 -0.83230049118 0.497 0.05 0.730424719072
6.4855717393 -0.456416237456 -9.65323987952 -10.2006299696 -0.209507050445 0.609285197144 -0.76477339412 0.447 0.05 0.715754619993
6.08753942702 -0.131819165282 -10.2006299696 -10.3474297626 -0.928316864922 0.306171411024 -0.210919096749 0.397 0.05 0.696000481839
5.62650179867 0.0295567990108 -10.3474297626 -9.7470218467 -0.41199478578 0.163708040612 0.896359288416 0.347 0.05 0.66982952443
5.4607210477 0.298104557202 -9.7470218467 -9.27995743288 -0.0874735769781 0.672532898961 0.734879495663 0.297 0.05 0.635565989493
5.67734455814 0.62215379335 -9.27995743288 -9.03424152782 0.82862517623 0.374034696493 0.416507338635 0.247 0.05 0.589943759147
6.00677210829 0.900249982473 -9.03424152782 -9.4053034121 0.321769247608 0.635035430708 -0.702278116589 0.197 0.05 0.528368854902
6.04610489474 1.01495907976 -9.4053034121 -9.8266768125 -0.205724477498 -0.238982509435 -0.948980926859 0.147 0.05 0.444027259638
5.85872143766 0.91775074651 -9.8266768125 -9.95877159993 -0.872275360293 -0.271765173373 -0.406545675622 0.097 0.05 0.324919917599
5.66458495985 0.898093794406 -9.95877159993 -10.043963435 -0.729632804322 0.340888229068 -0.59281631737 0.047 0.047 0.143706967131
