# x0 y0 zi zf ux uy uz E deltaE deltaX
0.0 0.0 -10.0 -9.33211850211 0.0 0.0 1.0 2.447 0.05 0.667881497887
0.128897977031 0.0265789097673 -9.33211850211 -8.71475661989 0.384120218224 0.0792060267752 0.919879374306 2.397 0.05 0.671133519744
0.335455444543 0.0625057697948 -8.71475661989 -8.05873678722 0.230301801265 0.0277216573234 0.972724313487 2.347 0.05 0.674414963805
0.492278666305 0.144854610332 -8.05873678722 -7.41614392251 0.23361646351 0.215429585543 0.948163193575 2.297 0.05 0.677723907729
0.585121390543 0.30677498392 -7.41614392251 -6.75928373077 0.0401698123626 0.261121485401 0.964469779743 2.247 0.05 0.681058344731
0.659388104578 0.309035207343 -6.75928373077 -6.10835922563 0.177049353248 -0.253235567258 0.951065336341 2.197 0.05 0.684416180752
0.723708828863 0.00266376896651 -6.10835922563 -5.57929139066 0.0108549842596 -0.638888344559 0.769222888702 2.147 0.05 0.687795231706
0.774171243665 -0.4658237759 -5.57929139066 -5.10869943876 0.135213743967 -0.719843189687 0.680839941326 2.097 0.05 0.691193220803
0.921764063541 -0.957200027827 -5.10869943876 -4.65442474736 0.290418310216 -0.698526258817 0.65400173611 2.047 0.05 0.694607775982
1.1191063972 -1.42333468218 -4.65442474736 -4.15427168726 0.276429388055 -0.640464253495 0.716514014807 1.997 0.05 0.69803667445
1.28143837637 -1.91186870533 -4.15427168726 -3.71401377933 0.187754639557 -0.755546240858 0.6276129964 1.947 0.05 0.701479909529
1.38196519935 -2.48145927243 -3.71401377933 -3.36612069074 0.0983737428981 -0.864160136403 0.493507715604 1.897 0.05 0.704939512773
1.40259470691 -3.13001937495 -3.36612069074 -3.1993697372 -0.0396496603803 -0.971093084572 0.235385057996 1.847 0.05 0.708417751566
1.36465869602 -3.81614279877 -3.1993697372 -3.00893316564 -0.0671194813581 -0.961217791483 0.26749828515 1.797 0.05 0.711916980906
1.50333953747 -4.45968360689 -3.00893316564 -2.80206004078 0.454469542695 -0.842523887758 0.289155552116 1.747 0.05 0.715438881771
1.83949237366 -5.02503179022 -2.80206004078 -2.45897493339 0.482852688873 -0.734267213039 0.47718438858 1.697 0.05 0.718978062994
2.20322072034 -5.48294635326 -2.45897493339 -1.98259085519 0.526345057524 -0.536878852678 0.659334496267 1.647 0.05 0.722522605592
2.70205786954 -5.86502582935 -1.98259085519 -1.91594681408 0.8503132071 -0.51821066341 0.0917886602979 1.597 0.05 0.726059634076
3.28829316076 -6.25911801825 -1.91594681408 -2.14932361798 0.760842813977 -0.564619257768 -0.319880143457 1.547 0.05 0.729575776037
3.84289519149 -6.61516061692 -2.14932361798 -1.77483472528 0.755891087373 -0.40945313894 0.510858875857 1.497 0.05 0.733057426225
4.11207392122 -6.92313857302 -1.77483472528 -1.10967158166 -0.021390720967 -0.428793297328 0.903149348238 1.447 0.05 0.736492967546
4.10922168539 -7.26062763154 -1.10967158166 -0.462907436573 0.0135829386138 -0.485455031805 0.87415611642 1.397 0.05 0.739872584471
4.21404868302 -7.62468327804 -0.462907436573 0.150582538542 0.268579145521 -0.496425197268 0.825486078689 1.347 0.05 0.743186337061
4.47402021297 -8.09856145266 0.150582538542 0.496269408137 0.429164527581 -0.775457268059 0.463123993851 1.297 0.05 0.74642401211
4.7065426301 -8.61630004277 0.496269408137 1.07279531422 0.193051729486 -0.609224194353 0.769140371296 1.247 0.05 0.749571765566
4.87976171809 -9.20713354086 1.07279531422 1.06589136918 0.26805255269 -0.963360614237 -0.00917365429818 1.197 0.05 0.752583955029
4.81378591273 -9.9078046354 1.06589136918 1.10875751023 -0.44173932413 -0.895346920984 0.0567473400453 1.147 0.05 0.755385909142
4.34394799848 -10.4034826562 1.10875751023 0.780208426505 -0.799568516653 -0.415653800447 -0.433499833162 1.097 0.05 0.757898985412
3.68234633423 -10.5473991011 0.780208426505 1.03027714068 -0.943645355456 0.0357752121338 0.329019113918 1.047 0.05 0.760043120895
3.05182510519 -10.7668973029 1.03027714068 1.28944951459 -0.713929649133 -0.612000081379 0.340235736631 0.997 0.05 0.761743538393
2.72849756584 -11.2378915951 1.28944951459 1.87697083523 -0.134765724152 -0.623607978608 0.770033303572 0.947 0.05 0.762981702104
2.53222416102 -11.8281232587 1.87697083523 1.82337722831 -0.379327807324 -0.922597821612 -0.0701688972874 0.897 0.05 0.763780093223
2.03758399685 -12.2889312336 1.82337722831 1.60574515069 -0.915558989031 -0.283942825205 -0.284830141696 0.847 0.05 0.764076710171
1.38159296664 -12.3986675129 1.60574515069 1.14946175067 -0.801899224473 -0.00329762985749 -0.59745021502 0.797 0.05 0.763717860588
1.01948235162 -12.4015246661 1.14946175067 0.395295874642 -0.146634894323 -0.00419174910151 -0.989181801797 0.747 0.05 0.762413819841
0.814695629271 -12.7460490928 0.395295874642 0.2603571508 -0.391922449091 -0.90269299706 -0.177601089406 0.697 0.05 0.759785451163
0.290165768845 -13.0989134893 0.2603571508 0.181954068026 -0.994254546888 -0.0263038006103 -0.103759366162 0.647 0.05 0.755624149167
-0.191417899749 -13.0408053406 0.181954068026 0.888184116613 -0.282593931446 0.18150823026 0.941910522426 0.597 0.05 0.749784647025
0.00648225850477 -12.9656127616 0.888184116613 1.31273516739 0.819604231848 0.0192775293646 0.572605693299 0.547 0.05 0.741437005856
0.563887881229 -12.8288044009 1.31273516739 1.77000357157 0.694289670869 0.355031313938 0.626030845125 0.497 0.05 0.730424719072
0.800751885176 -12.5636077624 1.77000357157 2.43160049093 -0.046661703567 0.378718658141 0.924334822127 0.447 0.05 0.715754619993
0.736472901913 -12.656060365 2.43160049093 2.94875449566 -0.136723521182 -0.655135802875 0.743036848714 0.397 0.05 0.696000481839
0.982596048428 -12.9215909463 2.94875449566 3.26178470018 0.876948399898 -0.112097668614 0.467328168002 0.347 0.05 0.66982952443
1.39114538084 -12.8624563392 3.26178470018 3.82196235832 0.36139872016 0.304225753835 0.881383943449 0.297 0.05 0.635565989493
1.69019012292 -12.8792875206 3.82196235832 4.22293660316 0.624460795206 -0.384812792219 0.679682153801 0.247 0.05 0.589943759147
1.80991292638 -13.2468304212 4.22293660316 4.1565117356 -0.244055153582 -0.961578055012 -0.125716849032 0.197 0.05 0.528368854902
1.52883344252 -13.4525269642 4.1565117356 4.16856031307 -0.975633401558 0.217722690668 0.0271347698001 0.147 0.05 0.444027259638
1.28490600212 -13.4514968944 4.16856031307 3.86256241041 -0.168186227178 -0.291193814023 -0.941764065816 0.097 0.05 0.324919917599
1.27123099673 -13.5685339081 3.86256241041 3.84116962086 0.189949345092 -0.970442561381 -0.148863969314 0.047 0.047 0.143706967131
