# x0 y0 zi zf ux uy uz E deltaE deltaX
0.0 0.0 -10.0 -9.33211850211 0.0 0.0 1.0 2.447 0.05 0.667881497887
0.0916127940001 -0.171454553099 -9.33211850211 -8.78507012207 0.273009144395 -0.510940216976 0.815111097798 2.397 0.05 0.671133519744
0.262916685033 -0.555462010611 -8.78507012207 -8.28635385912 0.236326598042 -0.630332705591 0.739479830232 2.347 0.05 0.674414963805
0.417691037245 -0.863706974301 -8.28635385912 -7.65379411219 0.221574757283 -0.282392455645 0.933359056274 2.297 0.05 0.677723907729
0.631937650594 -1.03445968961 -7.65379411219 -7.05060400985 0.408667948189 -0.220423570493 0.885665827326 2.247 0.05 0.681058344731
0.982539892265 -1.16671740648 -7.05060400985 -6.52475813169 0.617866407744 -0.167141170673 0.768313042481 2.197 0.05 0.684416180752
1.38154020754 -1.36994049619 -6.52475813169 -6.02771616811 0.545399046492 -0.424620649121 0.722659798539 2.147 0.05 0.687795231706
1.84288258286 -1.60485867613 -6.02771616811 -5.6452023903 0.792197999926 -0.257213607982 0.553410777616 2.097 0.05 0.691193220803
2.38333936154 -1.76449195374 -5.6452023903 -5.22330343282 0.767845809856 -0.20368653789 0.607391641833 2.047 0.05 0.694607775982
2.98076944349 -1.76863684097 -5.22330343282 -5.04463761234 0.94767011221 0.190810144356 0.255954775762 1.997 0.05 0.69803667445
3.65865607273 -1.67748322499 -5.04463761234 -5.13214898714 0.989714395882 0.0700159087573 -0.124752503402 1.947 0.05 0.701479909529
4.32638131489 -1.54832613238 -5.13214898714 -5.33722504021 0.909561328065 0.296762244284 -0.290912978151 1.897 0.05 0.704939512773
4.82637650772 -1.37546267856 -5.33722504021 -5.93260321466 0.506487401561 0.192721703299 -0.840433731557 1.847 0.05 0.708417751566
5.11748190148 -1.17637868536 -5.93260321466 -6.55586859621 0.3138092324 0.367515479615 -0.875474807121 1.797 0.05 0.711916980906
5.39073858649 -0.932874694404 -6.55586859621 -7.15308212778 0.451621035635 0.315005903324 -0.834751292927 1.747 0.05 0.715438881771
5.5554549655 -0.537523742142 -7.15308212778 -7.59725148909 0.00879791696886 0.786302757198 -0.617778739258 1.697 0.05 0.718978062994
5.48456383636 0.00802209435665 -7.59725148909 -8.07020215213 -0.204987036314 0.727668913929 -0.654582513244 1.647 0.05 0.722522605592
5.44914821522 0.604265847313 -8.07020215213 -8.34708061461 0.106432752464 0.918285819678 -0.381343968855 1.597 0.05 0.726059634076
5.57641254128 1.28882718573 -8.34708061461 -8.43372585701 0.24295231919 0.962740860766 -0.118761128374 1.547 0.05 0.729575776037
5.78388406588 1.95338626981 -8.43372585701 -8.13692450866 0.324245978402 0.854947695947 0.404881442752 1.497 0.05 0.733057426225
5.96706671375 2.46341181434 -8.13692450866 -7.52769550371 0.174712290584 0.5340517138 0.827202745708 1.447 0.05 0.736492967546
6.27115107569 2.83409033751 -7.52769550371 -7.08455835275 0.648076926444 0.470394122077 0.598937114667 1.397 0.05 0.739872584471
6.74231951843 3.26109114465 -7.08455835275 -6.79803229766 0.62278127558 0.680811627214 0.385537301746 1.347 0.05 0.743186337061
7.16933888627 3.8319092477 -6.79803229766 -6.79149891998 0.524093805056 0.851615564779 0.00875290394669 1.297 0.05 0.74642401211
7.52393470127 4.420874513 -6.79149891998 -7.19977119444 0.424236135759 0.723432029954 -0.544674030181 1.247 0.05 0.749571765566
7.78148156736 5.04686681575 -7.19977119444 -7.35414686736 0.261895435815 0.943044794936 -0.205127510208 1.197 0.05 0.752583955029
7.83779753896 5.77587508986 -7.35414686736 -7.29476544998 -0.111818818258 0.990614409976 0.0786107030365 1.147 0.05 0.755385909142
7.63434042883 6.48671004172 -7.29476544998 -7.16435816649 -0.425449653296 0.888474255783 0.172064201162 1.097 0.05 0.757898985412
7.58888798926 7.12488994217 -7.16435816649 -6.76378208116 0.304644532756 0.793357702078 0.527043893064 1.047 0.05 0.760043120895
7.81301961986 7.79025340438 -6.76378208116 -6.70312914625 0.284505570227 0.955362039676 0.0796238259288 0.997 0.05 0.761743538393
7.75512992813 8.48375568852 -6.70312914625 -6.51088863189 -0.435789826023 0.864062278194 0.251959534325 0.947 0.05 0.762981702104
7.28248345356 9.03947893538 -6.51088863189 -6.45279261122 -0.802316388378 0.592032693684 0.0760638057818 0.897 0.05 0.763780093223
6.78973225688 9.54037599919 -6.45279261122 -6.8307192091 -0.487790168836 0.719314349368 -0.494618659151 0.847 0.05 0.764076710171
6.74523574937 10.0136303836 -6.8307192091 -7.41829267836 0.371493331607 0.519691168232 -0.769359340122 0.797 0.05 0.763717860588
6.81033061213 10.0665424226 -7.41829267836 -8.10602866899 -0.201368814308 -0.381778689603 -0.902050792799 0.747 0.05 0.762413819841
6.40257627902 9.98414900656 -8.10602866899 -8.45689200825 -0.871275303182 0.166213391854 -0.461792653075 0.697 0.05 0.759785451163
5.75494442225 10.2256273051 -8.45689200825 -8.66355346851 -0.838090491044 0.472020488633 -0.273497691273 0.647 0.05 0.755624149167
5.295569186 10.5632363454 -8.66355346851 -9.27935506402 -0.380734734196 0.424852658437 -0.821304621195 0.597 0.05 0.749784647025
5.24774571344 10.5641440508 -9.27935506402 -9.92229896945 0.256019205501 -0.427187458056 -0.867159179214 0.547 0.05 0.741437005856
5.46940862314 10.2918454527 -9.92229896945 -10.5683127946 0.347063427108 -0.311961794828 -0.884435874517 0.497 0.05 0.730424719072
5.40378133774 9.87683232253 -10.5683127946 -10.6091427692 -0.537556120914 -0.841296216759 -0.0570446538661 0.447 0.05 0.715754619993
4.86361587187 9.57948620901 -10.6091427692 -10.5859143293 -0.999385306258 0.0107319277458 0.0333741720768 0.397 0.05 0.696000481839
4.38214681337 9.88944993112 -10.5859143293 -10.5402801496 -0.399154490134 0.914349091833 0.0681280505374 0.347 0.05 0.66982952443
4.0015095807 10.3701198034 -10.5402801496 -10.7359317893 -0.777116792261 0.548930768899 -0.307838435128 0.297 0.05 0.635565989493
3.76499805583 10.5394710897 -10.7359317893 -11.3254178372 0.0354032955611 -0.0172544495299 -0.999224144341 0.247 0.05 0.589943759147
3.9602400674 10.6077971439 -11.3254178372 -11.6732849005 0.699507676205 0.277895379159 -0.658379198618 0.197 0.05 0.528368854902
4.11963650583 10.713587502 -11.6732849005 -12.1096179705 -0.114419085534 0.145823148392 -0.98267180801 0.147 0.05 0.444027259638
3.96403354457 10.649536019 -12.1096179705 -12.1335419619 -0.801430492297 -0.593538310999 -0.0736304243642 0.097 0.05 0.324919917599
3.77373151261 10.5452864209 -12.1335419619 -12.2107302329 -0.83644750709 -0.108879738039 -0.537122677353 0.047 0.047 0.143706967131
