# x0 y0 zi zf ux uy uz E deltaE deltaX
0.0 0.0 -10.0 -9.33211850211 0.0 0.0 1.0 2.447 0.05 0.667881497887
0.0422571892654 -0.137692453686 -9.33211850211 -8.72594965275 0.125927816216 -0.4103280484 0.903201570968 2.397 0.05 0.671133519744
0.216114284349 -0.246667818195 -8.72594965275 -8.10767567002 0.390263896505 0.0851614828219 0.916756026939 2.347 0.05 0.674414963805
0.381767676657 -0.204035713033 -8.10767567002 -7.43395716452 0.100493685117 0.041063966684 0.994089920426 2.297 0.05 0.677723907729
0.638350250789 -0.207984343548 -7.43395716452 -6.91967392537 0.653480246926 -0.052458490925 0.755123614786 2.247 0.05 0.681058344731
1.18638054173 -0.292459613639 -6.91967392537 -6.75574424076 0.951179158091 -0.1946523927 0.239517546809 2.197 0.05 0.684416180752
1.80176803251 -0.447710284844 -6.75574424076 -6.43093888517 0.842943580078 -0.257748363251 0.472241359949 2.147 0.05 0.687795231706
2.23940909174 -0.54258298572 -6.43093888517 -5.80622555535 0.427535361453 -0.0180373680662 0.903818658836 2.097 0.05 0.691193220803
2.51110109532 -0.544446074297 -5.80622555535 -5.15740986089 0.356855296243 0.012584266514 0.934074908013 2.047 0.05 0.694607775982
2.63567902142 -0.580398693874 -5.15740986089 -4.46404868505 0.0018357037234 -0.115533139565 0.993301929855 1.997 0.05 0.69803667445
2.59660388138 -0.913036004296 -4.46404868505 -4.08460899275 -0.113234417003 -0.833421234697 0.540913128295 1.947 0.05 0.701479909529
2.49212817635 -1.40793855179 -4.08460899275 -3.52247370708 -0.183731709061 -0.574768239456 0.79742343206 1.897 0.05 0.704939512773
2.29525886732 -1.79480253267 -3.52247370708 -2.97821809745 -0.372970434491 -0.520245460045 0.768269299333 1.847 0.05 0.708417751566
2.02236448557 -2.20508352029 -2.97821809745 -2.50574548196 -0.395509440629 -0.634920739788 0.663662517068 1.797 0.05 0.711916980906
1.68757524177 -2.60201771135 -2.50574548196 -2.01134124321 -0.542336474285 -0.477829112496 0.691050278859 1.747 0.05 0.715438881771
1.36997842792 -3.06716940131 -2.01134124321 -1.68034200695 -0.343800513146 -0.8184475776 0.460374597345 1.697 0.05 0.718978062994
1.00602640512 -3.44155767959 -1.68034200695 -1.16532530183 -0.665334226066 -0.22190406405 0.71280358724 1.647 0.05 0.722522605592
0.497194053832 -3.5424504145 -1.16532530183 -0.678361825804 -0.739533860253 -0.0570955405385 0.670693498395 1.597 0.05 0.726059634076
-0.0621817769638 -3.70727341364 -0.678361825804 -0.345603006632 -0.797457915598 -0.395012061101 0.456099051122 1.547 0.05 0.729575776037
-0.685345014756 -4.00389892154 -0.345603006632 -0.397797121764 -0.906505376225 -0.416147185557 -0.0712005816529 1.497 0.05 0.733057426225
-1.38230024405 -4.18337563537 -0.397797121764 -0.311150414819 -0.990355635122 -0.0731760454665 0.117647704408 1.447 0.05 0.736492967546
-2.05823318169 -4.39942472637 -0.311150414819 -0.181163863455 -0.841328531019 -0.511175230797 0.175687752314 1.397 0.05 0.739872584471
-2.65850225203 -4.77350323208 -0.181163863455 0.1039767381 -0.777816002823 -0.497792348765 0.383673094265 1.347 0.05 0.743186337061
-3.21213674683 -5.16620587514 0.1039767381 0.427222722968 -0.708989468428 -0.556590901531 0.433059467038 1.297 0.05 0.74642401211
-3.69669999585 -5.62883925073 0.427222722968 0.756491926273 -0.586894750684 -0.680140262434 0.439276422126 1.247 0.05 0.749571765566
-3.95723200033 -6.19762680738 0.756491926273 1.16357192092 -0.107820893524 -0.834141057312 0.540909744251 1.197 0.05 0.752583955029
-4.18031988802 -6.68593789732 1.16357192092 1.72540452502 -0.483238430149 -0.461831495249 0.743768975975 1.147 0.05 0.755385909142
-4.63014679074 -6.94031950734 1.72540452502 2.23826039643 -0.705400475327 -0.210980908018 0.676681037018 1.097 0.05 0.757898985412
-5.19465807042 -7.10148429986 2.23826039643 2.68319997946 -0.78206122581 -0.213708096884 0.585413604566 1.047 0.05 0.760043120895
-5.53389237313 -7.40439447248 2.68319997946 3.29686796725 -0.110363063675 -0.582076452223 0.805609705716 0.997 0.05 0.761743538393
-5.36553228757 -7.73049359426 3.29686796725 3.89809875328 0.551505390764 -0.273670084951 0.788001579034 0.947 0.05 0.762981702104
-5.06422811945 -8.0723507266 3.89809875328 4.4679785915 0.238052570485 -0.621787608321 0.746130781984 0.897 0.05 0.763780093223
-5.06835379925 -8.19707104636 4.4679785915 5.17285460002 -0.24875928236 0.295086023341 0.922519950065 0.847 0.05 0.764076710171
-5.49101289147 -8.00100731096 5.17285460002 5.52801803579 -0.857969996722 0.218220787385 0.465045344755 0.797 0.05 0.763717860588
-6.06016890979 -7.62276072078 5.52801803579 5.52368376714 -0.633599514763 0.773640314663 -0.00568492928674 0.747 0.05 0.762413819841
-6.4701101464 -7.23640960731 5.52368376714 4.86764476257 -0.443305996979 0.240683944625 -0.863452970255 0.697 0.05 0.759785451163
-6.77197638598 -7.31222472662 4.86764476257 4.24488072857 -0.353237826681 -0.442678279203 -0.824171692625 0.647 0.05 0.755624149167
-6.7202230184 -7.32970361664 4.24488072857 3.66588146319 0.494037546476 0.399502202685 -0.772220753879 0.597 0.05 0.749784647025
-6.2735919917 -7.15447233719 3.66588146319 3.14264745729 0.705171554506 0.0686800638255 -0.705702577258 0.547 0.05 0.741437005856
-5.8522921948 -7.3441382421 3.14264745729 2.6465063833 0.43777175042 -0.58904598855 -0.679250114396 0.497 0.05 0.730424719072
-5.5582072103 -7.81882571029 2.6465063833 2.2332587728 0.375003742467 -0.725278148651 -0.577359333712 0.447 0.05 0.715754619993
-5.36987814473 -8.09841664047 2.2332587728 1.5468956777 0.155527866387 -0.0575584007713 -0.986153189559 0.397 0.05 0.696000481839
-4.98743166938 -8.17169070349 1.5468956777 1.46848185828 0.980317314815 -0.158976944879 -0.117065337617 0.347 0.05 0.66982952443
-4.57005579225 -8.4700200231 1.46848185828 1.83173726287 0.280232543011 -0.771235711056 0.571546323434 0.297 0.05 0.635565989493
-4.19104642835 -8.73194681351 1.83173726287 1.93469687002 0.982996167532 -0.0570942440992 0.174524445014 0.247 0.05 0.589943759147
-3.82146295645 -8.99853306101 1.93469687002 1.86896033225 0.301407791223 -0.945343574614 -0.124414104212 0.197 0.05 0.528368854902
-3.68178157975 -9.23029259044 1.86896033225 1.44300224006 0.270497500524 0.0810108892104 -0.959306175337 0.147 0.05 0.444027259638
-3.49203802689 -9.23695621145 1.44300224006 1.25362101514 0.798285447487 -0.151724417237 -0.582855081083 0.097 0.05 0.324919917599
-3.37654905741 -9.3320248312 1.25362101514 1.25054366984 -0.19763066072 -0.98004263237 -0.0214140299774 0.047 0.047 0.143706967131
