# x0 y0 zi zf ux uy uz E deltaE deltaX
0.0 0.0 -10.0 -9.33211850211 0.0 0.0 1.0 2.447 0.05 0.667881497887
-0.0496916524243 0.0414644693504 -9.33211850211 -8.67358532059 -0.148082761366 0.123565484753 0.981225288486 2.397 0.05 0.671133519744
-0.224154125762 0.100446946891 -8.67358532059 -8.04801598794 -0.370012018147 0.0519502357749 0.92757332833 2.347 0.05 0.674414963805
-0.592901705167 0.115487790431 -8.04801598794 -7.57771128353 -0.719988643487 -0.0073102472008 0.693947342048 2.297 0.05 0.677723907729
-1.10688894393 0.00504946044143 -7.57771128353 -7.22331690119 -0.792914387891 -0.317039402498 0.520358329172 2.247 0.05 0.681058344731
-1.68959372931 -0.115726196926 -7.22331690119 -6.94644554148 -0.91375485827 -0.037446490566 0.40453654882 2.197 0.05 0.684416180752
-2.31057172752 -0.159335548135 -6.94644554148 -6.6479264539 -0.896440332469 -0.0895465910818 0.434023200242 2.147 0.05 0.687795231706
-2.83474422147 -0.423045296493 -6.6479264539 -6.37531172808 -0.62468437005 -0.673950155086 0.394411747131 2.097 0.05 0.691193220803
-3.26015356472 -0.929634513911 -6.37531172808 -6.28990692747 -0.603277272831 -0.787996730541 0.122953994413 2.047 0.05 0.694607775982
-3.63712791936 -1.50940451442 -6.28990692747 -6.30762244627 -0.479785141298 -0.877018883036 -0.0253790659613 1.997 0.05 0.69803667445
-3.93698473014 -2.14023392808 -6.30762244627 -6.29562927285 -0.377496195532 -0.92585329094 0.0170969592366 1.947 0.05 0.701479909529
-4.21817861751 -2.78181529996 -6.29562927285 -6.37818300356 -0.422138030656 -0.89893565267 -0.117107537895 1.897 0.05 0.704939512773
-4.58820419227 -3.37340486762 -6.37818300356 -6.44255720312 -0.624588205031 -0.77564949932 -0.0908703930889 1.847 0.05 0.708417751566
-5.1086844619 -3.78888171195 -6.44255720312 -6.70601280443 -0.840675504943 -0.395368872896 -0.370065061488 1.797 0.05 0.711916980906
-5.76214860339 -3.97451123793 -6.70601280443 -6.74968819374 -0.990213327266 -0.125502317423 -0.0610469886671 1.747 0.05 0.715438881771
-6.46083833322 -4.11519438483 -6.74968819374 -6.82442863224 -0.958224429291 -0.266457442888 -0.103953712006 1.697 0.05 0.718978062994
-7.15948628456 -4.27039942658 -6.82442863224 -6.90286882109 -0.980389475867 -0.164469632387 -0.108564338678 1.647 0.05 0.722522605592
-7.86000814544 -4.27294598552 -6.90286882109 -7.08835780488 -0.954040316583 0.156653674309 -0.25547348328 1.597 0.05 0.726059634076
-8.47436627603 -4.10982091228 -7.08835780488 -7.53534352541 -0.734709286743 0.291279184449 -0.612665243571 1.547 0.05 0.729575776037
-9.07580265407 -4.07721319068 -7.53534352541 -7.80178858261 -0.909678606594 -0.200932135163 -0.363470920107 1.497 0.05 0.733057426225
-9.60794949525 -4.30917806192 -7.80178858261 -8.3348927595 -0.539648091468 -0.429922568955 -0.723841503423 1.447 0.05 0.736492967546
-9.82048058155 -4.67087373621 -8.3348927595 -8.95230516295 -0.0373241945472 -0.549765471091 -0.834484769961 1.397 0.05 0.739872584471
-9.84684710004 -4.99356969337 -8.95230516295 -9.65568849695 -0.0337975652315 -0.321097822275 -0.946442768008 1.347 0.05 0.743186337061
-9.95293146375 -5.16525784849 -9.65568849695 -10.3706641296 -0.250595955746 -0.140323454464 -0.957867942407 1.297 0.05 0.74642401211
-10.0898149315 -5.47361506877 -10.3706641296 -10.9112389509 -0.115687517559 -0.683021517351 -0.721178206213 1.247 0.05 0.749571765566
-10.2591187385 -5.88673188303 -10.9112389509 -11.5469857051 -0.334702215781 -0.41757465294 -0.844751937537 1.197 0.05 0.752583955029
-10.4077606224 -6.07067714023 -11.5469857051 -12.2990968548 -0.0600914709017 -0.0709975258187 -0.995664786187 1.147 0.05 0.755385909142
-10.5994795439 -5.95846474491 -12.2990968548 -12.9178223898 -0.446029878815 0.36687649224 -0.816369393502 1.097 0.05 0.757898985412
-11.0488094753 -5.8453339387 -12.9178223898 -13.4284049958 -0.737608504955 -0.0681457504237 -0.671781102828 1.047 0.05 0.760043120895
-11.6165852907 -5.80434908818 -13.4284049958 -13.9098690127 -0.754764998755 0.175601633791 -0.632055268837 0.997 0.05 0.761743538393
-12.2569760431 -5.73936218568 -13.9098690127 -14.1995425548 -0.925112806873 -0.00496683585409 -0.379659880815 0.947 0.05 0.762981702104
-12.9247745051 -5.86699920309 -14.1995425548 -14.5510067043 -0.824521070367 -0.329262875752 -0.460164061149 0.897 0.05 0.763780093223
-13.4475105386 -6.29524775802 -14.5510067043 -14.7630216818 -0.544080563358 -0.791821909851 -0.277478654414 0.847 0.05 0.764076710171
-13.5966740533 -6.51082992755 -14.7630216818 -15.4973654588 0.153711551711 0.227634247969 -0.961538042941 0.797 0.05 0.763717860588
-13.4226875953 -6.23497648793 -15.4973654588 -16.1181152615 0.302435045832 0.495608196677 -0.814190124258 0.747 0.05 0.762413819841
-13.2402792184 -6.34216474793 -16.1181152615 -16.5747466644 0.176676317246 -0.779476702878 -0.601000456402 0.697 0.05 0.759785451163
-13.0997934884 -6.95428930973 -16.5747466644 -16.9620382973 0.19419094106 -0.83641326966 -0.512545335309 0.647 0.05 0.755624149167
-13.0209216542 -7.52007966047 -16.9620382973 -17.521045462 0.0146819540371 -0.666280162187 -0.745556963419 0.597 0.05 0.749784647025
-13.3775137706 -7.80270255594 -17.521045462 -17.6658220217 -0.976741828189 -0.0885835940321 -0.195264814889 0.547 0.05 0.741437005856
-13.8005549314 -7.47615060837 -17.6658220217 -17.7107004997 -0.166875218953 0.984061780899 -0.0614416200464 0.497 0.05 0.730424719072
-13.9599758308 -6.904621225 -17.7107004997 -17.1689397626 -0.275166947472 0.59276699729 0.756908473954 0.447 0.05 0.715754619993
-13.8303965008 -6.64371124034 -17.1689397626 -16.6523501356 0.655330974359 0.140149690949 0.742225961667 0.397 0.05 0.696000481839
-13.4200523269 -6.83907707291 -16.6523501356 -16.3742470256 0.544284270244 -0.72895550252 0.415184908818 0.347 0.05 0.66982952443
-13.0988298025 -7.27691214153 -16.3742470256 -16.794555921 0.437196734152 -0.609526352965 -0.661314328204 0.297 0.05 0.635565989493
-12.7662218605 -7.66643224415 -16.794555921 -17.0057624394 0.65658548477 -0.663870037663 -0.358011276752 0.247 0.05 0.589943759147
-12.3308203147 -7.95477211813 -17.0057624394 -17.1116294335 0.914994473752 -0.350198087245 -0.200365697395 0.197 0.05 0.528368854902
-12.0277250248 -8.10581037354 -17.1116294335 -17.5219915629 0.276415456241 -0.263593610379 -0.924182289442 0.147 0.05 0.444027259638
-11.8316557876 -8.25312463317 -17.5219915629 -17.5601825609 0.829135002987 -0.546552430839 -0.117539725906 0.097 0.05 0.324919917599
-11.6790190531 -8.40725809695 -17.5601825609 -17.5123557944 0.249612059744 -0.909358532711 0.33280756995 0.047 0.047 0.143706967131
