# x0 y0 zi zf ux uy uz E deltaE deltaX
0.0 0.0 -10.0 -9.33211850211 0.0 0.0 1.0 2.447 0.05 0.667881497887
0.0550211474661 -0.0739641642509 -9.33211850211 -8.68680609384 0.163964832176 -0.220415646291 0.961526118563 2.397 0.05 0.671133519744
0.0821338787977 -0.206171284905 -8.68680609384 -8.02487629638 -0.0827633360242 -0.17272142384 0.981487412022 2.347 0.05 0.674414963805
0.0192435968081 -0.414510326718 -8.02487629638 -7.42130407044 -0.103233382963 -0.442941686718 0.89058718316 2.297 0.05 0.677723907729
-0.189575277443 -0.712801099262 -7.42130407044 -6.91621339957 -0.510490796395 -0.435189402732 0.741626139336 2.247 0.05 0.681058344731
-0.41450652507 -0.919889393762 -6.91621339957 -6.24979821713 -0.149307513959 -0.172098816545 0.97369875404 2.197 0.05 0.684416180752
-0.523633574746 -0.900557614655 -6.24979821713 -5.590166344 -0.168750255222 0.227467079932 0.959052698714 2.147 0.05 0.687795231706
-0.768844839963 -0.798729632202 -5.590166344 -5.0110492206 -0.541609637183 0.0682952183809 0.837851278006 2.097 0.05 0.691193220803
-1.20689515307 -0.694832354025 -5.0110492206 -4.558341521 -0.722341059258 0.231194308426 0.651745798499 2.047 0.05 0.694607775982
-1.71943552019 -0.542226851563 -4.558341521 -4.11964100127 -0.749727108507 0.207183441533 0.628477751653 1.997 0.05 0.69803667445
-2.09195680447 -0.38470767947 -4.11964100127 -3.47630682742 -0.316054028035 0.24293882311 0.917109905948 1.947 0.05 0.701479909529
-2.36568782086 -0.268696355274 -3.47630682742 -2.85419177471 -0.462105579122 0.0873918167726 0.882508415883 1.897 0.05 0.704939512773
-2.68167505078 -0.135279810708 -2.85419177471 -2.24923881797 -0.432256217976 0.289697913331 0.853949460467 1.847 0.05 0.708417751566
-3.00331877878 0.239473296727 -2.24923881797 -1.93783835526 -0.473467394367 0.764526040356 0.437411202519 1.797 0.05 0.711916980906
-3.25332652469 0.825285773583 -1.93783835526 -1.63495465993 -0.227756721124 0.87686858965 0.423353696652 1.747 0.05 0.715438881771
-3.50622182365 1.41312403289 -1.63495465993 -1.32075637768 -0.476849853532 0.762652803475 0.437006771731 1.697 0.05 0.718978062994
-3.98507864568 1.75411688593 -1.32075637768 -0.965634882005 -0.851003214665 0.184983929455 0.491502262938 1.647 0.05 0.722522605592
-4.62710693747 1.90922883984 -0.965634882005 -0.746148900002 -0.92167019369 0.243187789021 0.302297458366 1.597 0.05 0.726059634076
-5.10204543933 2.30823227523 -0.746148900002 -0.486709120826 -0.384729714676 0.851779971435 0.355603609244 1.547 0.05 0.729575776037
-5.52130078657 2.73510023234 -0.486709120826 -0.0716833653727 -0.760951590367 0.316889062507 0.566157221257 1.497 0.05 0.733057426225
-6.13570083269 2.94703853114 -0.0716833653727 0.163915513641 -0.911045872128 0.260122941385 0.319892910585 1.447 0.05 0.736492967546
-6.80883917202 2.98367102017 0.163915513641 0.442099231306 -0.912721750867 -0.159910964993 0.375988681704 1.397 0.05 0.739872584471
-7.30343002847 2.97326969489 0.442099231306 1.10865336182 -0.422348873397 0.131206782892 0.896886954562 1.347 0.05 0.743186337061
-7.78255753687 2.96872488942 1.10865336182 1.46999942349 -0.863277566336 -0.142815206337 0.484102943908 1.297 0.05 0.74642401211
-8.45666698754 2.8012942148 1.46999942349 1.58980420839 -0.938999878393 -0.304521408659 0.159830973365 1.247 0.05 0.749571765566
-9.16003024445 2.72499599284 1.58980420839 1.84791086528 -0.933953896317 0.100539222935 0.342960616115 1.197 0.05 0.752583955029
-9.84594245869 2.6420753185 1.84791086528 2.10245864864 -0.885568162278 -0.319711490242 0.336977140125 1.147 0.05 0.755385909142
-10.53745505 2.44428066641 2.10245864864 1.90056863152 -0.942182909559 -0.203303807542 -0.266381168203 1.097 0.05 0.757898985412
-11.153445223 2.27818558389 1.90056863152 1.37357495581 -0.681409857628 -0.234337250966 -0.69337339056 1.047 0.05 0.760043120895
-11.5600622631 2.30864760245 1.37357495581 0.713350782729 -0.387706873219 0.313793869758 -0.86672763182 0.997 0.05 0.761743538393
-11.7168931675 2.6041538713 0.713350782729 0.0366575347449 -0.0240223365155 0.461324411923 -0.886906260161 0.947 0.05 0.762981702104
-11.8928008427 3.05641481738 0.0366575347449 -0.371810801623 -0.436626654872 0.723427871485 -0.5347983536 0.897 0.05 0.763780093223
-12.1910277617 3.34490998074 -0.371810801623 -1.08879315858 -0.34416320698 0.0320000849243 -0.938364365013 0.847 0.05 0.764076710171
-11.9762794653 3.32231496477 -1.08879315858 -1.40329150656 0.906700915953 -0.0911862287789 -0.411799126626 0.797 0.05 0.763717860588
-11.2570689272 3.28246733008 -1.40329150656 -1.24606140817 0.978415360704 -0.0131880057326 0.206226716124 0.747 0.05 0.762413819841
-10.507730216 3.32143183685 -1.24606140817 -1.19179031445 0.990700767707 0.115800758262 0.071429498463 0.697 0.05 0.759785451163
-9.81336384806 3.55832056237 -1.19179031445 -1.05905411654 0.841705108125 0.51056298308 0.175664314146 0.647 0.05 0.755624149167
-9.46041263869 4.05473053779 -1.05905411654 -0.624529549126 0.0932130483818 0.809600774782 0.579532495279 0.597 0.05 0.749784647025
-9.32430774669 4.67273418595 -0.624529549126 -0.960949289923 0.272875604838 0.848327046279 -0.453740153431 0.547 0.05 0.741437005856
-9.38794441786 5.0862944908 -0.960949289923 -1.58193976709 -0.451235295245 0.271266209015 -0.850177247503 0.497 0.05 0.730424719072
-9.54763946339 5.31030565378 -1.58193976709 -2.2525806276 0.0142553361276 0.349117944138 -0.936970355173 0.447 0.05 0.715754619993
-9.595344134 5.35508486662 -2.2525806276 -2.92157893619 -0.151742228154 -0.230350926394 -0.961203800921 0.397 0.05 0.696000481839
-9.35368755874 5.13188115762 -2.92157893619 -3.06298069851 0.879217461994 -0.427098316518 -0.21110111926 0.347 0.05 0.66982952443
-8.86765669808 5.08900262718 -3.06298069851 -2.59712611064 0.602826320497 0.315193079354 0.732975954614 0.297 0.05 0.635565989493
-8.45336527227 5.36566899258 -2.59712611064 -2.75523021349 0.755066797189 0.598373529645 -0.267998602241 0.247 0.05 0.589943759147
-8.22554239266 5.53201976425 -2.75523021349 -3.28311024762 0.0193024520531 -0.0384299451582 -0.999074849378 0.197 0.05 0.528368854902
-8.11888330364 5.3503591079 -3.28311024762 -3.47866757517 0.457447958729 -0.772511414871 -0.440417391741 0.147 0.05 0.444027259638
-8.03526959487 5.1995047868 -3.47866757517 -3.79894622385 -0.110463976085 0.127131278002 -0.985715652783 0.097 0.05 0.324919917599
-8.09844958592 5.2277924895 -3.79894622385 -3.90955416857 -0.629531315646 0.106243429579 -0.769676981787 0.047 0.047 0.143706967131
