# x0 y0 zi zf ux uy uz E deltaE deltaX
0.0 0.0 -10.0 -9.33211850211 0.0 0.0 1.0 2.447 0.05 0.667881497887
0.00150867760617 -0.0815589086896 -9.33211850211 -8.68111644793 0.00449590897128 -0.243048234935 0.970003784682 2.397 0.05 0.671133519744
0.0266433654595 -0.213622547297 -8.68111644793 -8.01598497297 0.0700637189715 -0.149773455894 0.986234752578 2.347 0.05 0.674414963805
0.169914816525 -0.424610939356 -8.01598497297 -7.46914903248 0.353080183401 -0.4735959889 0.80687125577 2.297 0.05 0.677723907729
0.39046744446 -0.740009730856 -7.46914903248 -6.89720791832 0.296324647948 -0.454924693478 0.839782844718 2.247 0.05 0.681058344731
0.697803098658 -1.05430507109 -6.89720791832 -6.45407537165 0.603224975931 -0.465740627875 0.647460652055 2.197 0.05 0.684416180752
1.17190111043 -1.30751186421 -6.45407537165 -6.0651529758 0.778340797817 -0.272832895383 0.565462477668 2.147 0.05 0.687795231706
1.686152106 -1.50802720311 -6.0651529758 -5.63040194634 0.71349499232 -0.308708920857 0.628986246366 2.097 0.05 0.691193220803
2.17056476939 -1.6840294888 -5.63040194634 -5.14356752 0.684792830502 -0.199576023864 0.700876729526 2.047 0.05 0.694607775982
2.69934283836 -1.85501917811 -5.14356752 -4.81599655142 0.833614814565 -0.291320396181 0.469274725195 1.997 0.05 0.69803667445
3.18289314198 -2.15418383251 -4.81599655142 -4.38277271691 0.549134606832 -0.56306243827 0.617585519737 1.947 0.05 0.701479909529
3.67085684516 -2.54297994318 -4.38277271691 -4.34284056495 0.837973331508 -0.542763210367 0.0566462104067 1.897 0.05 0.704939512773
4.24159084974 -2.95272076759 -4.34284056495 -4.43047982502 0.77743322485 -0.616679091957 -0.123711270474 1.847 0.05 0.708417751566
4.8453830372 -3.27379089359 -4.43047982502 -4.24812370135 0.922631283422 -0.288339570125 0.256148018049 1.797 0.05 0.711916980906
5.4822352323 -3.25732100426 -4.24812370135 -3.97502749234 0.862222515604 0.332961516302 0.381718433203 1.747 0.05 0.715438881771
6.10271091506 -2.97836581101 -3.97502749234 -4.13390723798 0.868015152674 0.444654417227 -0.220979962822 1.697 0.05 0.718978062994
6.7594101745 -2.82663085851 -4.13390723798 -4.34982596332 0.954038891558 -0.0224586282424 -0.298840096727 1.647 0.05 0.722522605592
7.44050250391 -2.96045270533 -4.34982596332 -4.45564724542 0.926742049122 -0.346275726172 -0.145747369968 1.597 0.05 0.726059634076
7.99798175791 -3.3751210975 -4.45564724542 -4.40228920122 0.605952841973 -0.792131504778 0.0731357125002 1.547 0.05 0.729575776037
8.5568026132 -3.6929754993 -4.40228920122 -4.12361103695 0.921555626451 -0.0788326319238 0.380158708305 1.497 0.05 0.733057426225
9.26032948182 -3.71201230762 -4.12361103695 -4.20691865138 0.993221352848 0.0267690670134 -0.113113930607 1.447 0.05 0.736492967546
9.95771916121 -3.685646528 -4.20691865138 -4.53308206732 0.896477084176 0.044624345251 -0.440837277641 1.397 0.05 0.739872584471
10.5714944042 -3.52899232898 -4.53308206732 -4.92723910685 0.759260014124 0.37714911377 -0.530360987381 1.347 0.05 0.743186337061
11.1578670446 -3.38368543969 -4.92723910685 -5.35944522851 0.815184938008 0.0138282129469 -0.579035661572 1.297 0.05 0.74642401211
11.7166263369 -3.15169712275 -5.35944522851 -5.67077826221 0.67911439028 0.605218798961 -0.415347866611 1.247 0.05 0.749571765566
12.3036647653 -2.75204270711 -5.67077826221 -5.73888537279 0.883664712452 0.459289498904 -0.0904976914799 1.197 0.05 0.752583955029
12.9735764597 -2.58742589057 -5.73888537279 -6.07799401567 0.893306979124 -0.0217375970461 -0.44892105979 1.147 0.05 0.755385909142
13.5277017495 -2.86322284316 -6.07799401567 -6.39440085385 0.571921962615 -0.706127915429 -0.417478904534 1.097 0.05 0.757898985412
13.7019291847 -3.49819456238 -6.39440085385 -6.5691954772 -0.111841292469 -0.966747527299 -0.22997987686 1.047 0.05 0.760043120895
13.3734991893 -4.1158036689 -6.5691954772 -6.51641695634 -0.750719575436 -0.656977552222 0.0692864700573 0.997 0.05 0.761743538393
12.7376525518 -4.48376666243 -6.51641695634 -6.32427410639 -0.917240200357 -0.30862808522 0.251831530715 0.947 0.05 0.762981702104
12.0132350772 -4.58684933151 -6.32427410639 -6.17763295103 -0.980645432383 0.0383778575372 0.191993947815 0.897 0.05 0.763780093223
11.3626892257 -4.82942965701 -6.17763295103 -6.05795502396 -0.7225638944 -0.673326235132 0.156630774728 0.847 0.05 0.764076710171
10.8386885847 -5.33054843985 -6.05795502396 -5.74263486078 -0.649332776157 -0.638671289783 0.412875198354 0.797 0.05 0.763717860588
10.2891395466 -5.76083101458 -5.74263486078 -5.46253629239 -0.79115963274 -0.488973925594 0.367383907665 0.747 0.05 0.762413819841
9.8458712629 -6.12923430903 -5.46253629239 -6.06626536586 -0.372928343427 -0.479090656347 -0.794604677604 0.697 0.05 0.759785451163
9.37127268748 -6.48018676839 -6.06626536586 -5.9503607983 -0.881194204689 -0.447178413515 0.153389178589 0.647 0.05 0.755624149167
8.84520117192 -6.86425169123 -5.9503607983 -5.47301687833 -0.515203147311 -0.573806144401 0.636641363444 0.597 0.05 0.749784647025
8.83482381773 -7.39883513965 -5.47301687833 -5.38428852316 0.493011137422 -0.861753398281 0.119670793967 0.547 0.05 0.741437005856
9.16647425153 -7.73022783454 -5.38428852316 -6.05083782485 0.407658939005 -0.0326515926301 -0.912550307078 0.497 0.05 0.730424719072
9.3919195676 -7.39467244697 -6.05083782485 -6.12756549368 0.213937097806 0.970947704848 -0.107198286517 0.447 0.05 0.715754619993
9.30831379539 -6.75559921011 -6.12756549368 -6.33175688165 -0.460255443647 0.837910581141 -0.293378227898 0.397 0.05 0.696000481839
9.0556865207 -6.24801194821 -6.33175688165 -5.85440635416 -0.276065076397 0.644922834586 0.71264480004 0.347 0.05 0.66982952443
9.14623955794 -6.03845651434 -5.85440635416 -5.33497806858 0.575900251672 -0.0202614489361 0.817268850386 0.297 0.05 0.635565989493
9.5739007386 -6.20958775618 -5.33497806858 -5.3461548331 0.829400668155 -0.558332876208 -0.0189454746252 0.247 0.05 0.589943759147
9.98498364247 -6.57883009678 -5.3461548331 -5.37795547058 0.629988040838 -0.774269114393 -0.0601864345049 0.197 0.05 0.528368854902
10.2012015028 -6.98553160056 -5.37795547058 -5.22373188746 0.224242225552 -0.910537165052 0.347329087954 0.147 0.05 0.444027259638
10.2859633234 -7.34213920494 -5.22373188746 -5.29620836526 0.215296066777 -0.950732379996 -0.223059510574 0.097 0.05 0.324919917599
10.330065487 -7.49496222366 -5.29620836526 -5.43871433519 0.126996953325 0.0227257535847 -0.991642735046 0.047 0.047 0.143706967131
