# x0 y0 zi zf ux uy uz E deltaE deltaX
0.0 0.0 -10.0 -9.33211850211 0.0 0.0 1.0 2.447 0.05 0.667881497887
-0.0249696741767 -0.0254404802844 -9.33211850211 -8.66478246183 -0.0744104516974 -0.0758134694095 0.994341693048 2.397 0.05 0.671133519744
-0.113552437722 -0.11667736718 -8.66478246183 -8.01568125681 -0.188646731708 -0.195121431587 0.962465603308 2.347 0.05 0.674414963805
-0.247000085859 -0.171055970668 -8.01568125681 -7.35289866214 -0.206085569573 0.0336945561233 0.977953687503 2.297 0.05 0.677723907729
-0.384183962985 -0.170289811473 -7.35289866214 -6.68563341044 -0.197778410259 -0.0312796811312 0.979747560336 2.247 0.05 0.681058344731
-0.548979834907 -0.218392128057 -6.68563341044 -6.03384205292 -0.284758181658 -0.109438302921 0.952331893739 2.197 0.05 0.684416180752
-0.636146353703 -0.281927125343 -6.03384205292 -5.34833640281 0.0298927189208 -0.0758490999278 0.996671129007 2.147 0.05 0.687795231706
-0.577391440477 -0.298644881255 -5.34833640281 -4.66423269526 0.140264334195 0.0271026058594 0.989743080455 2.097 0.05 0.691193220803
-0.360050933853 -0.280011130879 -4.66423269526 -4.05754163852 0.486218651748 0.0266832073532 0.8734296933 2.047 0.05 0.694607775982
-0.118873738294 -0.0984957957263 -4.05754163852 -3.46791324518 0.207185582188 0.493521787035 0.844695436388 1.997 0.05 0.69803667445
-0.199129276392 0.169301642915 -3.46791324518 -2.86587627523 -0.434986386402 0.272422014796 0.858238364034 1.947 0.05 0.701479909529
-0.421188259444 0.283286818266 -2.86587627523 -2.17575765913 -0.197156993766 0.0523048853733 0.978975647693 1.897 0.05 0.704939512773
-0.639128171257 0.22477141724 -2.17575765913 -1.55123990089 -0.419097443345 -0.217248342696 0.881567065275 1.847 0.05 0.708417751566
-0.957920057104 0.239188805198 -1.55123990089 -0.953439989175 -0.47854976399 0.256683522492 0.839704527001 1.797 0.05 0.711916980906
-1.0350071133 0.511536953569 -0.953439989175 -0.365178821889 0.260698147046 0.505925729763 0.822238184524 1.747 0.05 0.715438881771
-0.845518128717 0.962182619708 -0.365178821889 0.0695710912795 0.26769158653 0.750137482179 0.604677577169 1.697 0.05 0.718978062994
-0.46762062423 1.40147375536 0.0695710912795 0.368915436308 0.779671980158 0.469535312473 0.4143044698 1.647 0.05 0.722522605592
0.0156274724982 1.87140135695 0.368915436308 0.4313122616 0.555278855789 0.827212115368 0.0859389812674 1.597 0.05 0.726059634076
0.339406773648 2.508907901 0.4313122616 0.298169385839 0.334979651851 0.924383435515 -0.182493553286 1.547 0.05 0.729575776037
0.538112722354 3.19136545543 0.298169385839 0.105405220033 0.208740614966 0.941955325522 -0.262959161056 1.497 0.05 0.733057426225
0.520551564862 3.88935017103 0.105405220033 0.202090469246 -0.255455491404 0.957866694909 0.131277898735 1.447 0.05 0.736492967546
0.312932220192 4.58487164861 0.202090469246 0.362767254362 -0.306941385811 0.926620184216 0.217168183398 1.397 0.05 0.739872584471
0.0878833531786 5.26923060456 0.362767254362 0.552294606592 -0.300059630412 0.919200215749 0.255019963068 1.347 0.05 0.743186337061
-0.0720603116935 5.91814093187 0.552294606592 0.964515116692 -0.129801708609 0.823504607689 0.552260516023 1.297 0.05 0.74642401211
-0.337062851314 6.47622703791 0.964515116692 1.31490895731 -0.577820546369 0.669033469318 0.467458696705 1.247 0.05 0.749571765566
-0.571548801567 6.87294902519 1.31490895731 2.00762763282 -0.0476411078721 0.387937284322 0.92045368611 1.197 0.05 0.752583955029
-0.532793993327 6.85524004266 2.00762763282 2.67888263133 0.150073688816 -0.433385554116 0.888625258142 1.147 0.05 0.755385909142
-0.437038003626 6.55584683132 2.67888263133 3.38218813681 0.103111933175 -0.358112475536 0.927967339997 1.097 0.05 0.757898985412
-0.568120926388 6.22380627608 3.38218813681 3.93686241881 -0.447756536052 -0.516639145622 0.729793174559 1.047 0.05 0.760043120895
-0.797330099839 5.92776544292 3.93686241881 4.66249238484 -0.155044402594 -0.261785794894 0.952590904227 0.997 0.05 0.761743538393
-1.05006546976 5.94228093332 4.66249238484 5.27885364136 -0.507701124321 0.29941035005 0.807832291163 0.947 0.05 0.762981702104
-1.24846207566 6.43426833194 5.27885364136 5.39041223622 -0.0123419605919 0.989198573575 0.146061144885 0.897 0.05 0.763780093223
-1.34309167051 7.11278954565 5.39041223622 5.82590787705 -0.235359412876 0.787240653553 0.569963244573 0.847 0.05 0.764076710171
-1.76084845433 7.57046461619 5.82590787705 6.06011564112 -0.858538153382 0.410934336612 0.306667915148 0.797 0.05 0.763717860588
-2.37317182299 7.87701762614 6.06011564112 6.46998308462 -0.746269021858 0.392527154824 0.537591833775 0.747 0.05 0.762413819841
-2.87454153337 8.29065964508 6.46998308462 6.80211798139 -0.570915913842 0.694953963068 0.437143006964 0.697 0.05 0.759785451163
-2.93669239909 8.84306000673 6.80211798139 7.17962863519 0.409557945011 0.763322365462 0.49960109694 0.647 0.05 0.755624149167
-2.63447054539 9.13954370519 7.17962863519 7.86876342479 0.393408740553 0.0215829758946 0.919110296977 0.597 0.05 0.749784647025
-2.34633593355 9.3148819924 7.86876342479 8.46769111857 0.379394861299 0.451142831853 0.807793095098 0.547 0.05 0.741437005856
-2.28170828258 9.70443697608 8.46769111857 9.02690494778 -0.208155726506 0.608708831021 0.765600909456 0.497 0.05 0.730424719072
-2.36743851744 9.81489671788 9.02690494778 9.70652799137 -0.0271299424585 -0.312532377775 0.94951960436 0.447 0.05 0.715754619993
-2.33843584427 9.86546384031 9.70652799137 10.3171892957 0.11124091149 0.466710507584 0.877386324102 0.397 0.05 0.696000481839
-1.97228079023 10.0127023447 10.3171892957 10.4545722353 0.977691123182 -0.0453156037262 0.20510134985 0.347 0.05 0.66982952443
-1.5581760692 9.96894314353 10.4545722353 9.84577387518 0.272706634463 -0.0899429391762 -0.957883792123 0.297 0.05 0.635565989493
-1.20299852796 9.82242781167 9.84577387518 9.90899952181 0.910310537532 -0.399810976789 0.107172328971 0.247 0.05 0.589943759147
-0.803177103036 9.61289276382 9.90899952181 10.3292916286 0.497021781114 -0.346735246417 0.795452084032 0.197 0.05 0.528368854902
-0.536125204358 9.665061076 10.3292916286 10.5312126639 0.611433109374 0.647574497338 0.45474918709 0.147 0.05 0.444027259638
-0.5166641187 9.92225431283 10.5312126639 10.5361911894 -0.715778824552 0.698158936757 0.0153223153922 0.097 0.05 0.324919917599
-0.632991759861 10.0423921902 10.5361911894 10.6792692104 -0.000587902106567 0.0934541365142 0.995623412109 0.047 0.047 0.143706967131
