# segID k x0 y0 z0 p1p p2p p3p p4p chi2p p1f p2f p3f p4f chi2f cfxy cftxy
0 0 -0.13456528325 -0.126067565357 -9.66605925105 0.0 0.0 0.0 0.0 0.0 -1.81386809147 2.58836430033 -0.167930280822 0.271443186568 1000000.0 1.06385707485 0.106385707485 0.05
0 1 0.267517183954 0.227629753141 -9.01530622702 -1.81386809147 2.58836430033 -0.167930280822 0.271443186568 3.83255104453 0.689660116915 2.91271076891 0.0864900256513 0.304404799568 10.401481117 1.203098585 0.125265393541 0.05
0 2 -0.380692961037 0.338550604994 -8.41924968205 0.689660116915 2.91271076891 0.0864900256513 0.304404799568 1.45083257701 -0.852603247291 2.87344725407 -0.0743736217629 0.300222169281 2.64326597917 1.12846698286 0.124710441528 0.05
0 3 -0.591373637971 0.228953315818 -7.81459515664 -0.852603247291 2.87344725407 -0.0743736217629 0.300222169281 2.30787803478 -2.17974996524 1.60531117653 -0.219990295171 0.160746482872 3.88504268367 1.09774411419 0.131051255398 0.05
0 4 -0.579549996799 0.418917615392 -7.14922979224 -2.17974996524 1.60531117653 -0.219990295171 0.160746482872 0.0249750250942 -2.07037762899 1.45538667842 -0.207083888241 0.143044983842 0.0398505384246 1.04029228216 0.135279173169 0.05
0 5 -0.588233124307 0.287086303246 -6.4824649817 -2.07037762899 1.45538667842 -0.207083888241 0.143044983842 0.89886921731 -1.54577747713 0.560173907416 -0.139857227827 0.0285767904643 1.41432525353 0.961697154213 0.137095633881 0.05
0 6 -0.505721795657 0.8045471832 -5.84344328322 -1.54577747713 0.560173907416 -0.139857227827 0.0285767904643 2.5665486274 -0.803855837296 1.93572673037 -0.0366163096199 0.219982514006 4.11081831377 0.873411966837 0.136977877454 0.05
0 7 -0.462296491818 0.892544697845 -5.21949384307 -0.803855837296 1.93572673037 -0.0366163096199 0.219982514006 0.396633494144 -0.338968356615 2.25943885038 0.0345693290759 0.269562016268 0.64002264199 0.803729930833 0.140058697039 0.05
0 8 -0.286876498559 1.15142100819 -4.59047491293 -0.338968356615 2.25943885038 0.0345693290759 0.269562016268 0.716576416937 0.26390644005 2.63415123658 0.137194546804 0.333545892353 1.14581389602 0.734754277694 0.144035697901 0.05
0 9 0.227045936666 1.36986033763 -4.01948352917 0.26390644005 2.63415123658 0.137194546804 0.333545892353 3.2245681155 1.56461436483 2.83733341169 0.382947111426 0.372430692883 5.30186309769 0.656561836749 0.145311856696 0.05
0 10 0.498214413276 1.08431744742 -3.47799819048 1.56461436483 2.83733341169 0.382947111426 0.372430692883 3.35501718726 2.17700819252 1.73542699593 0.513608093162 0.13507153303 5.57724441638 0.626825470174 0.159614059322 0.05
0 11 0.681387750001 0.845983071117 -2.86247376088 2.17700819252 1.73542699593 0.513608093162 0.13507153303 2.88568838253 2.0854991761 0.581034787326 0.488763766836 -0.154261539971 4.44671209082 0.554673085876 0.166737207097 0.05
0 12 0.649323018235 0.788755266193 -2.22743970475 2.0854991761 0.581034787326 0.488763766836 -0.154261539971 1.51471023008 1.3805864883 0.313903245203 0.278341701763 -0.232631991803 2.22764517681 0.450133356468 0.166188219033 0.05
0 13 0.739759609353 0.500655346666 -1.57707481597 1.3805864883 0.313903245203 0.278341701763 -0.232631991803 0.79464962469 1.05429112227 0.0330816000546 0.159437428385 -0.333808479174 1.16691394571 0.342401390178 0.163721947438 0.05
0 14 0.254220275634 0.219850891663 -0.950903884871 1.05429112227 0.0330816000546 0.159437428385 -0.333808479174 4.8408891817 0.277146328344 -0.113021988381 -0.200593215492 -0.399037287816 7.23210557154 0.240666681175 0.160872108853 0.05
0 15 0.47768168803 -0.252982235511 -0.478672173596 0.277146328344 -0.113021988381 -0.200593215492 -0.399037287816 1.4417466548 0.367444696785 -0.395016490791 -0.145703706055 -0.571824049448 2.39073704492 0.166504628692 0.159796349311 0.05
0 16 0.130123152448 -0.807758999272 -0.190934764393 0.367444696785 -0.395016490791 -0.145703706055 -0.571824049448 4.28367135909 0.212498354176 -0.70429651594 -0.266334527698 -0.817119616089 8.53762086812 0.120207088586 0.158071720778 0.05
0 17 -0.0457436633106 -1.61304192913 -0.0915691456592 0.212498354176 -0.70429651594 -0.266334527698 -0.817119616089 12.3170910504 0.0969377077948 -1.11046153902 -0.370699056284 -1.18495846349 32.5482341129 0.0951077777938 0.144208174586 0.05
1 18 -0.107401911465 -2.24876156437 -0.114692995523 0.0969377077948 -1.11046153902 -0.370699056284 -1.18495846349 16.4383910561 0.0247674887676 -1.48569166418 -0.432058834202 -1.50235668761 61.8363211142 0.0821370569412 0.155824142364 0.05
2 19 -0.298104035442 -2.68212508209 -0.1377242293 0.0247674887676 -1.48569166418 -0.432058834202 -1.50235668761 17.1275823635 -0.0615074822153 -1.80441935566 -0.497127615785 -1.74517487296 84.2835068504 0.0738968512109 0.154075939683 0.05
3 20 -0.0413089231843 -3.44777689362 -0.0717151363453 -0.0615074822153 -1.80441935566 -0.497127615785 -1.74517487296 24.8126580235 -0.0740064404193 -2.20340056432 -0.576191169303 -2.43189363674 125.463198871 0.0716099175833 0.256147777497 0.05
4 21 0.530404060101 -4.3708413455 -0.04434767889 -0.0740064404193 -2.20340056432 -0.576191169303 -2.43189363674 41.3833216031 0.0186947352338 -2.65093606626 -0.485860148699 -2.97452823541 224.857913425 0.0652131614598 0.363149375425 0.05
5 22 0.751402857019 -4.56622222732 -0.213790134726 0.0186947352338 -2.65093606626 -0.485860148699 -2.97452823541 80.2683748081 0.160735745608 -2.1822647003 0.288088066989 5.56213462107 172.921066509 0.0833912925727 0.618418431213 0.05
5 23 1.09984245256 -5.47811141339 -0.485542551905 0.160735745608 -2.1822647003 0.288088066989 5.56213462107 15.9259441923 -0.236195404251 -0.951155200889 -1.82569971425 9.18479030987 26.258985038 0.467100976007 1.08148858795 0.05
5 24 1.65202444377 -5.92033642987 -0.75955053362 -0.236195404251 -0.951155200889 -1.82569971425 9.18479030987 7.49777715654 -0.00215059574602 -7.96117183215 -1.96883522896 -2.62266616224 8.87679198903 1.21807585743 1.67133214417 0.05
5 25 1.85646058368 -6.59202077025 -0.991592163282 -0.00215059574602 -7.96117183215 -1.96883522896 -2.62266616224 4.51086916609 0.120994226232 -4.68997798854 -1.80581753694 1.84126624186 4.95380658466 0.740948332048 0.815955318588 0.05
5 26 1.93126343629 -7.12752607916 -1.14360878057 0.120994226232 -4.68997798854 -1.80581753694 1.84126624186 1.66777300653 0.643539870463 -3.89327604205 -1.19098877745 2.75921862655 2.25415093612 0.66144107214 0.636685317801 0.05
5 27 2.25430188857 -7.86238629581 -1.1776018293 0.643539870463 -3.89327604205 -1.19098877745 2.75921862655 7.00276007647 0.47140378031 -2.90689623092 -1.41312525795 3.89327608257 14.5816098012 0.706211761276 0.63647685337 0.05
5 28 2.66721556724 -8.27976703094 -1.16108775965 0.47140378031 -2.90689623092 -1.41312525795 3.89327608257 10.8791051521 0.204682527578 -2.41509094793 -1.78215892086 4.5405970795 36.1743303034 0.735144231565 0.652415226034 0.05
6 29 3.40392808124 -8.48099853523 -1.12686855265 0.204682527578 -2.41509094793 -1.78215892086 4.5405970795 23.4685843197 2.22606115558 -7.40713563485 -0.25190832531 0.401940933118 82.7079245835 1.42184965211 1.23831166815 0.05
7 30 3.87991948852 -8.85991255511 -0.974946819586 2.22606115558 -7.40713563485 -0.25190832531 0.401940933118 26.7754099078 6.78233877227 -13.8346705764 3.63443841158 -5.1466237823 47.4093432788 0.752545681126 0.67670545513 0.05
7 31 4.38003790022 -9.17443155997 -1.16424358132 6.78233877227 -13.8346705764 3.63443841158 -5.1466237823 2.91840901489 1.75168381964 -9.9756655558 -2.20545243795 -0.657473099841 3.16644599206 0.788774080891 0.743680370954 0.05
7 32 4.95220303081 -9.10100567207 -1.58054758036 1.75168381964 -9.9756655558 -2.20545243795 -0.657473099841 0.568137111304 2.33627491934 -9.66363180472 -1.67681127488 -0.367877609591 0.644852992925 0.899846721729 0.601477810025 0.05
7 33 5.1699677862 -8.8837333085 -1.33247538281 2.33627491934 -9.66363180472 -1.67681127488 -0.367877609591 2.14329313928 4.94044121238 -8.61670417578 -0.131325944256 0.242695746078 2.4508181634 0.851572102809 0.580454053002 0.05
7 34 5.17904571271 -8.87123346759 -0.725749083576 4.94044121238 -8.61670417578 -0.131325944256 0.242695746078 0.114174523703 5.1981179875 -8.75358572629 0.043384475098 0.14891648711 0.126460761799 0.307705449701 0.280202015812 0.05
7 35 5.07339425714 -9.04440533769 -0.479080256239 5.1981179875 -8.75358572629 0.043384475098 0.14891648711 0.683682464977 5.09218636588 -8.97623737673 -0.038829670222 -0.0256562644507 1.07728592591 0.194995308608 0.209412949491 0.05
7 36 5.04646578401 -9.82039839618 -0.733659287912 5.09218636588 -8.97623737673 -0.038829670222 -0.0256562644507 8.76888392499 5.08506072245 -9.04360997877 -0.00989361018543 0.320667736116 23.5366156076 0.231527281717 0.328079956309 0.05
7 37 4.95181289395 -10.5574425045 -1.09036570149 5.08506072245 -9.04360997877 -0.00989361018543 0.320667736116 16.8007058265 5.16498691058 -8.37440194429 0.139330778859 1.54972820734 29.1540677598 0.264738429005 0.296442772247 0.05
7 38 5.02158144126 -11.041518655 -1.44646328749 5.16498691058 -8.37440194429 0.139330778859 1.54972820734 1.25298223747 5.1093872268 -7.1734657143 0.07360240812 2.62710126122 1.50190968437 0.647094398133 0.501120757353 0.05
7 39 5.16025519361 -11.3042007232 -2.02669008709 5.1093872268 -7.1734657143 0.07360240812 2.62710126122 1.34547194079 4.44852113828 -12.592722818 -0.344514808 -0.625515406945 1.37622115132 1.33819550817 0.691202809357 0.05
7 40 5.00992652791 -11.8055875349 -2.39923336642 4.44852113828 -12.592722818 -0.344514808 -0.625515406945 3.12257026972 5.14520700369 -10.2104828644 0.0368479114178 0.630338060764 3.57502560104 0.833341425594 0.379394367515 0.05
7 41 5.14434787243 -12.3528064683 -2.79202854894 5.14520700369 -10.2104828644 0.0368479114178 0.630338060764 0.968113443266 4.79004733528 -8.67756578808 -0.120046512851 1.29693650214 1.13305472813 0.993389010563 0.385162717264 0.05
7 42 5.00800263354 -11.9509792092 -3.12989467102 4.79004733528 -8.67756578808 -0.120046512851 1.29693650214 6.09329956021 5.18628581953 -10.8473242064 0.0428629467647 0.416251747474 8.17407473009 0.795771464622 0.277632877933 0.05
7 43 5.31431899084 -11.3255639384 -3.1191472574 5.18628581953 -10.8473242064 0.0428629467647 0.416251747474 9.02311571815 4.79652436573 -12.0993659181 -0.116950068878 -0.0955497186702 21.5114963552 0.759387407352 0.257417101621 0.05
7 44 5.8985024628 -11.6964515156 -3.22006222555 4.79652436573 -12.0993659181 -0.116950068878 -0.0955497186702 6.35780185445 2.83786451296 -12.3801434054 -0.812684818904 -0.194567532687 16.3665954134 1.26755266459 0.408091408912 0.05
7 45 6.52135607811 -11.5247775428 -3.43370016028 2.83786451296 -12.3801434054 -0.812684818904 -0.194567532687 9.96780307963 -3.77815680556 -13.8273848719 -2.89599243384 -0.649784631253 16.5435474992 2.10947938834 0.633602217428 0.05
7 46 6.63061134892 -11.5476555495 -3.7390731549 -3.77815680556 -13.8273848719 -2.89599243384 -0.649784631253 0.0859791554859 3.6490241537 -11.3387601298 -0.798144559599 0.0548047580506 0.0871434074569 3.73865694105 1.02346988349 0.05
7 47 6.62535417012 -11.7499320386 -4.07555493238 3.6490241537 -11.3387601298 -0.798144559599 0.0548047580506 0.37174010773 6.69546461348 -9.49327095535 0.0126925568982 0.54987437478 0.400829471571 4.11283126677 1.02220226255 0.05
