# segID k x0 y0 z0 p1p p2p p3p p4p chi2p p1f p2f p3f p4f chi2f cfxy cftxy
0 0 0.0341510138787 0.201625649591 -9.66605925105 0.0 0.0 0.0 0.0 0.0 1.03422851797 2.36642494782 0.10000775041 0.216479929823 1000000.0 1.03068099403 0.103068099403 0.05
0 1 -0.0573958822642 0.191790642253 -9.00748025456 1.03422851797 2.36642494782 0.10000775041 0.216479929823 1.01531322574 0.198559398296 1.36438205046 0.0150369095265 0.114592202271 2.72712354333 1.17937442638 0.122816769599 0.05
0 2 0.126807225106 0.404952578207 -8.4087671311 0.198559398296 1.36438205046 0.0150369095265 0.114592202271 0.0373199924232 0.438921659653 1.38417283184 0.0400908293098 0.116653356803 0.0687129418084 1.08723016974 0.119890187814 0.05
0 3 0.292187847766 0.696766798729 -7.81961959815 0.438921659653 1.38417283184 0.0400908293098 0.116653356803 0.952072536059 1.10829506815 2.29014441382 0.113281110175 0.215728805752 1.63251525441 1.0513083519 0.125060276017 0.05
0 4 0.023141130992 0.808892184383 -7.17390598554 1.10829506815 2.29014441382 0.113281110175 0.215728805752 0.939528813308 0.0660722254196 2.54186879417 -0.00900321967453 0.245230166881 1.55208530027 1.02192579722 0.13244429155 0.05
0 5 0.22123060174 0.843071487533 -6.50210520432 0.0660722254196 2.54186879417 -0.00900321967453 0.245230166881 0.23646394615 0.418866264278 2.15564395931 0.0359684656358 0.195898869281 0.377452598285 0.964585051928 0.137156006803 0.05
0 6 0.355692412918 0.772406651333 -5.85540252292 0.418866264278 2.15564395931 0.0359684656358 0.195898869281 0.905619058909 0.910876940408 1.35353128143 0.104271831603 0.0842855121455 1.44258496815 0.875659384253 0.137090308793 0.05
0 7 0.641520143616 0.902595316591 -5.3063269728 0.910876940408 1.35353128143 0.104271831603 0.0842855121455 0.974847495125 1.74854700528 1.34423784271 0.230528823034 0.08291857001 1.65050590302 0.787505733261 0.135024051573 0.05
0 8 1.39514545656 0.821878291927 -4.80542228037 1.74854700528 1.34423784271 0.230528823034 0.08291857001 7.18150700048 3.81651527523 1.01176122099 0.572136666105 0.028253761988 12.7067322786 0.743598685987 0.140297373597 0.05
0 9 1.40101967966 0.677829239734 -4.21086758622 3.81651527523 1.01176122099 0.572136666105 0.028253761988 0.550604837472 3.79445809089 0.403386901457 0.567882125918 -0.0851361941169 0.904099871177 0.752976060159 0.161575048803 0.05
0 10 1.38473699128 0.969657216048 -3.52599519737 3.79445809089 0.403386901457 0.567882125918 -0.0851361941169 2.56668658632 2.61903601126 1.11430717864 0.314008932615 0.0661059373456 3.7655461311 0.664212545178 0.166333264646 0.05
0 11 1.34863846747 0.647790910366 -2.86781274658 2.61903601126 1.11430717864 0.314008932615 0.0661059373456 2.31181409203 1.7511201844 0.504085886407 0.100432318799 -0.0821402911223 3.38877006457 0.526567604272 0.155751092557 0.05
0 12 1.46461735072 0.34685243231 -2.24703215444 1.7511201844 0.504085886407 0.100432318799 -0.0821402911223 1.37072169481 1.63754658564 -0.11834151711 0.0677722071435 -0.260291363313 2.10830236792 0.420151078007 0.151403599269 0.05
0 13 1.77280468924 -0.0571741594881 -1.61998943323 1.63754658564 -0.11834151711 0.0677722071435 -0.260291363313 2.1620229532 2.01028471144 -0.664440646302 0.1989991592 -0.453192401577 3.32757961436 0.333092138187 0.155389055406 0.05
0 14 1.83142238649 -0.0565308850451 -0.977917739912 2.01028471144 -0.664440646302 0.1989991592 -0.453192401577 0.30579136299 2.02738362573 -0.461301626316 0.206180854629 -0.357219368039 0.461074298867 0.250820273857 0.168819817104 0.05
0 15 2.05199874277 -0.308098422222 -0.416722087399 2.02738362573 -0.461301626316 0.206180854629 -0.357219368039 0.141353251497 2.12297466121 -0.458639750607 0.266381894252 -0.356307954211 0.221690669202 0.163791382216 0.164297959114 0.05
0 16 2.72483448818 -0.375317426041 -0.149080530198 2.12297466121 -0.458639750607 0.266381894252 -0.356307954211 5.15570476723 2.48965713716 -0.44484088001 0.550393285835 -0.349984424881 10.2025040453 0.115476846373 0.143189090285 0.05
0 17 3.38346502756 -0.688882652689 -0.008073919078 2.48965713716 -0.44484088001 0.550393285835 -0.349984424881 10.4001954394 2.84950445396 -0.547736219803 0.902733960063 -0.460622491368 26.0970289853 0.0900129340589 0.159969125561 0.05
1 18 4.14490333475 -0.440176115204 0.138674222036 2.84950445396 -0.547736219803 0.902733960063 -0.460622491368 15.8887675196 3.19663183173 -0.498203707557 1.34899312325 -0.417525599362 45.5320711667 0.0736104524266 0.163830622365 0.05
2 19 4.77802220247 -0.625020165618 0.150333169835 3.19663183173 -0.498203707557 1.34899312325 -0.417525599362 18.5368582971 3.50246008666 -0.513436674145 1.74138686005 -0.452966905229 70.018293559 0.0657178243419 0.180193639138 0.05
3 20 5.44507026906 -0.226540303247 0.15452695741 3.50246008666 -0.513436674145 1.74138686005 -0.452966905229 24.3504636615 3.78849942026 -0.449926823294 2.17637933951 -0.394828450109 115.54911014 0.0620182670155 0.221650788133 0.05
4 21 5.93952214874 -0.0741119542098 0.0445822509619 3.78849942026 -0.449926823294 2.17637933951 -0.394828450109 47.2676792502 4.61397394343 -0.447585500323 -0.959614785782 -0.0196591800663 147.890923668 0.0863124347163 0.454531498604 0.05
5 22 6.76374877202 -0.190050296798 -0.31005523698 4.61397394343 -0.447585500323 -0.959614785782 -0.0196591800663 30.7890818354 5.07139468878 -0.436649541721 -4.08114787586 -0.0912081753618 42.2875448909 0.0656262904679 0.302532650744 0.05
5 23 7.21527648958 -0.37866573825 -0.595070880799 5.07139468878 -0.436649541721 -4.08114787586 -0.0912081753618 0.81469249996 5.28699936692 -0.42950605673 -3.37396649304 -0.0895907724769 1.13078882856 0.465946583725 0.832671658918 0.05
5 24 7.77090624584 -0.887700486598 -0.694058412681 5.28699936692 -0.42950605673 -3.37396649304 -0.0895907724769 3.59480096277 5.09985205229 -0.358774946493 -3.77486586673 0.35647109844 7.68774313144 0.466470787602 0.739636882814 0.05
5 25 8.35261453074 -0.887927831594 -0.472927242855 5.09985205229 -0.358774946493 -3.77486586673 0.35647109844 5.84420552037 9.19087703384 -1.0669499656 1.90987446709 -0.58614043308 6.53721726026 0.411676210494 0.663011030339 0.05
5 26 9.06227446692 -0.64831760588 -0.141137669868 9.19087703384 -1.0669499656 1.90987446709 -0.58614043308 1.09135312074 9.34859269699 -0.733158361684 2.16531242742 -0.0730562321639 1.38769056992 0.172114499986 0.423564252365 0.05
5 27 9.64040488408 -0.249329794977 -0.08278788845 9.34859269699 -0.733158361684 2.16531242742 -0.0730562321639 5.61816676411 9.64039589158 -0.462146851264 2.68760120876 0.358699039934 11.0343253728 0.122092432012 0.414131905529 0.05
5 28 10.0224728568 -0.00513028526187 0.228078270146 9.64039589158 -0.462146851264 2.68760120876 0.358699039934 1.44754661855 9.56255718445 -0.327187656758 2.10165949804 1.03561267448 1.83498540049 0.0792407748462 0.434970638462 0.05
5 29 10.244628359 0.154050751593 0.938486102873 9.56255718445 -0.327187656758 2.10165949804 1.03561267448 3.42944565809 10.6098119869 0.16379372957 -0.337127908083 0.00763567465748 3.56278289743 0.449608134129 0.525780120818 0.05
5 30 10.3082942912 0.364818593044 1.66813258169 10.6098119869 0.16379372957 -0.337127908083 0.00763567465748 0.308632662335 10.3603725174 0.00297822500874 -0.0399744686134 0.208008529939 0.330330115434 0.359903391841 0.254620738897 0.05
5 31 10.1907243604 0.499900489203 2.23734017814 10.3603725174 0.00297822500874 -0.0399744686134 0.208008529939 0.0671413916937 10.4393425605 -0.0258455440868 -0.102795042691 0.23119650079 0.0880927892984 0.441779666136 0.223062882393 0.05
5 32 10.0128105644 1.19501854855 2.49410499308 10.4393425605 -0.0258455440868 -0.102795042691 0.23119650079 5.45445807037 10.6039359418 -0.641813016679 -0.207214258712 0.624293618639 9.64434525682 0.436516310051 0.196552802489 0.05
5 33 9.29097727823 1.17273167411 2.55113769146 10.6039359418 -0.641813016679 -0.207214258712 0.624293618639 7.92458569024 11.179149171 -0.807473275545 -0.553637991549 0.722961752859 20.1646984267 0.44374825187 0.18965215476 0.05
5 34 8.73660679748 1.1078784133 2.76521931695 11.179149171 -0.807473275545 -0.553637991549 0.722961752859 10.389700997 13.149599487 -0.921032361426 -1.417563016 0.755427884492 22.728148445 0.831174263223 0.32182310711 0.05
5 35 8.24434434837 1.17502276068 3.15565025407 13.149599487 -0.921032361426 -1.417563016 0.755427884492 2.89015231991 15.1692534225 -0.19320949468 -2.15389483439 0.465730103495 4.22356774035 1.43978293972 0.477783854108 0.05
5 36 7.96061986594 1.78703921708 3.40405723217 15.1692534225 -0.19320949468 -2.15389483439 0.465730103495 1.95875667871 14.7764359169 -1.54098806903 -2.01730534064 0.937045708957 3.04579393664 1.84274220796 0.55665937718 0.05
5 37 7.59244074235 2.25325153488 3.28921286586 14.7764359169 -1.54098806903 -2.01730534064 0.937045708957 7.91057774842 5.99510527701 4.31700114807 0.509817311795 -0.71236312494 12.1293066926 2.83894342719 0.844715310365 0.05
5 38 6.8477440025 2.59398867825 3.0335512282 5.99510527701 4.31700114807 0.509817311795 -0.71236312494 4.15504594697 0.186656942254 7.70801510179 2.22532359382 -1.71260266818 4.88597989663 1.55914048017 0.483548437172 0.05
5 39 6.25190193903 2.83556390306 2.96431635499 0.186656942254 7.70801510179 2.22532359382 -1.71260266818 3.99555125813 -2.26456654303 8.63165311859 2.95235537173 -1.98536763401 7.16015621969 1.82126113402 0.598726031836 0.05
5 40 5.7375395434 2.73466320241 2.912119952 -2.26456654303 8.63165311859 2.95235537173 -1.98536763401 4.29623073417 -11.0140933291 11.6798402539 5.83963658258 -3.0297696601 8.27001830658 3.90253178653 1.31702372646 0.05
5 41 5.14889894143 3.23004511395 2.85704665216 -11.0140933291 11.6798402539 5.83963658258 -3.0297696601 3.52228237699 -15.2466954634 14.2664790011 7.20592847706 -3.87857374818 5.46750423227 7.38454092861 2.57805143815 0.05
5 42 4.87665932366 3.57285181034 2.92025422589 -15.2466954634 14.2664790011 7.20592847706 -3.87857374818 2.72411989453 34.6826500995 -13.9685662315 -10.2046421318 5.97577148987 3.13666176354 7.6893614862 2.66079538955 0.05
5 43 5.00421058186 4.23691062032 3.06073803544 34.6826500995 -13.9685662315 -10.2046421318 5.97577148987 2.5932002164 -12.0007134139 -5.17372374421 5.54251630895 3.05325147287 2.89022491742 8.50241485867 2.79935411413 0.05
5 44 5.14578652253 4.6395033087 2.94629371092 -12.0007134139 -5.17372374421 5.54251630895 3.05325147287 0.236738619404 0.0663895875835 7.72322209348 1.72544325594 -1.05010638685 0.242853540343 5.25291727331 1.76237117076 0.05
5 45 5.09309774596 4.82752920459 2.54730076276 0.0663895875835 7.72322209348 1.72544325594 -1.05010638685 0.397890660945 5.67950742158 5.5168607858 -0.235060119317 -0.270065038844 0.405625344603 3.21027393282 1.24122980991 0.05
5 46 4.88730880775 4.49895965103 2.17491855654 5.67950742158 5.5168607858 -0.235060119317 -0.270065038844 1.16033642893 4.03045847614 3.01452236656 0.406212687349 0.701990220126 1.28540161869 1.52581942575 0.667125373174 0.05
5 47 4.61924211146 4.48837099589 1.98178755501 4.03045847614 3.01452236656 0.406212687349 0.701990220126 0.527039214714 3.08487650769 3.36846706343 0.803617479298 0.553932191538 0.721078771209 1.27988676603 0.613200553654 0.05
