# segID k x0 y0 z0 p1p p2p p3p p4p chi2p p1f p2f p3f p4f chi2f cfxy cftxy
0 0 -0.10340979392 0.140586558673 -9.66605925105 0.0 0.0 0.0 0.0 0.0 2.95491912061 -5.82129670935 0.305832891453 -0.596188326802 1000000.0 1.31684309673 0.131684309673 0.05
0 1 0.166367081236 -0.428023665985 -9.05859431209 2.95491912061 -5.82129670935 0.305832891453 -0.596188326802 0.00460424712958 2.86541729235 -5.85552290837 0.296764902899 -0.599655996536 0.0114429158088 1.37119491657 0.142719258509 0.05
0 2 0.221656656897 -0.508450709627 -8.5357119906 2.86541729235 -5.85552290837 0.296764902899 -0.599655996536 0.774705692649 2.26307731773 -4.61803535765 0.233993445779 -0.470698226521 1.29376508813 1.29659052751 0.142914208705 0.05
0 3 0.393238439588 -0.799016866392 -7.97007398566 2.26307731773 -4.61803535765 0.233993445779 -0.470698226521 0.0537764701581 2.22695045645 -4.28507262793 0.229947959734 -0.434192708199 0.086359724995 1.23619126305 0.145768796064 0.05
0 4 0.529409259025 -1.04025640564 -7.35219906102 2.22695045645 -4.28507262793 0.229947959734 -0.434192708199 0.0322123567851 2.18907418756 -4.04777516511 0.225463130058 -0.406507132185 0.0500825110055 1.14209432468 0.145346620836 0.05
0 5 0.904113221264 -1.40506085313 -6.78768107077 2.18907418756 -4.04777516511 0.225463130058 -0.406507132185 0.872520985398 3.14708231177 -4.54773287333 0.344519653052 -0.46919640659 1.41727992744 1.05274723882 0.144595678402 0.05
0 6 1.26567538015 -1.15355456191 -6.2762371499 3.14708231177 -4.54773287333 0.344519653052 -0.46919640659 3.41312288594 4.09691476971 -2.90333399639 0.470388768739 -0.249311067972 5.85762603433 1.01983120741 0.151562584042 0.05
0 7 1.71922048291 -1.57561248314 -5.83645927921 4.09691476971 -2.90333399639 0.470388768739 -0.249311067972 1.86488174353 5.34442358131 -3.39006435494 0.649064502824 -0.319858644028 3.33114552938 0.943184182786 0.149924963083 0.05
0 8 2.43607903638 -1.87412574557 -5.43425291156 5.34442358131 -3.39006435494 0.649064502824 -0.319858644028 5.36212228352 7.45092829188 -4.21346236649 0.975144274288 -0.448218672978 9.86895744579 0.953772331296 0.163426425192 0.05
0 9 2.94929119916 -1.77225842764 -5.13397052258 7.45092829188 -4.21346236649 0.975144274288 -0.448218672978 3.42617451398 8.98792249459 -3.90247290719 1.22615435901 -0.399889386692 7.0114011862 0.924135496505 0.168061855056 0.05
0 10 3.76633193285 -1.72306708976 -5.08839329974 8.98792249459 -3.90247290719 1.22615435901 -0.399889386692 12.0304163498 11.1940706122 -3.72790783282 1.58932897786 -0.374247549492 34.2755566598 0.950515174254 0.178603536745 0.05
1 11 4.04033958194 -1.53435993652 -5.23468701367 11.1940706122 -3.72790783282 1.58932897786 -0.374247549492 12.7768850615 10.6652226679 -3.31783957014 1.43513624208 -0.304491392511 53.9657993525 1.34870884087 0.258055845296 0.05
2 12 4.79179754515 -1.41350274386 -5.63491412743 10.6652226679 -3.31783957014 1.43513624208 -0.304491392511 57.4401117947 -6.09519836084 -2.32099443068 -1.78144902111 -0.120286508681 96.0911269492 1.56669398816 0.291927480433 0.05
2 13 5.0992728222 -1.26624668848 -6.24423590543 -6.09519836084 -2.32099443068 -1.78144902111 -0.120286508681 0.923159393188 -6.74296758547 -3.92732826063 -1.89412221408 -0.413640336214 1.24012105409 1.87639831115 0.311860038169 0.05
2 14 5.17963611596 -1.01172908005 -6.854475362 -6.74296758547 -3.92732826063 -1.89412221408 -0.413640336214 6.58488904177 2.41688811763 -3.70767452462 -0.423721296972 -0.388733910767 7.63720237496 2.3441064095 0.351149805708 0.05
2 15 5.51832361297 -0.577821812157 -7.37516680843 2.41688811763 -3.70767452462 -0.423721296972 -0.388733910767 0.697290881411 2.43607262686 -5.0113069998 -0.419259955021 -0.591297064702 0.96547830445 1.58852667015 0.226097800056 0.05
2 16 5.52348875713 -0.0262341766328 -7.83372682061 2.43607262686 -5.0113069998 -0.419259955021 -0.591297064702 1.83463916957 3.36858440356 -6.6202541838 -0.282973014145 -0.825990276059 2.78762491063 1.51132757122 0.201868817637 0.05
2 17 5.68180824291 0.729428862313 -8.20864138337 3.36858440356 -6.6202541838 -0.282973014145 -0.825990276059 3.90361192044 3.21814293272 -9.27706466384 -0.301532011737 -1.19097079329 6.56078247776 1.54852271958 0.196269697095 0.05
2 18 5.70820965315 1.24963459886 -8.39040323581 3.21814293272 -9.27706466384 -0.301532011737 -1.19097079329 3.5713525161 3.20520681067 -11.4933414252 -0.301455533171 -1.48519802612 7.56997980917 1.57184381239 0.193621112821 0.05
3 19 5.86276001242 1.91263553966 -8.28532518283 3.20520681067 -11.4933414252 -0.301455533171 -1.48519802612 13.6830321947 3.73396991023 -8.58229965915 -0.244644013165 -1.17765772458 41.4085155259 2.65250813535 0.319239443988 0.05
4 20 5.84890753017 2.34265245018 -7.83231000619 3.73396991023 -8.58229965915 -0.244644013165 -1.17765772458 29.1607343402 6.9091803955 12.5896770753 0.138068395192 1.36844576623 40.278238968 2.42961798426 0.299349383658 0.05
4 21 6.32385533602 2.79343304218 -7.30612692823 6.9091803955 12.5896770753 0.138068395192 1.36844576623 2.01212971028 10.1379808056 14.504544197 0.537183519422 1.60750745579 2.68006309965 2.18040725778 0.288316987137 0.05
4 22 6.73633575529 3.20898995654 -6.94129532521 10.1379808056 14.504544197 0.537183519422 1.60750745579 1.43081020233 12.1275540017 13.4758371861 0.793529031733 1.47294296283 2.20533280658 2.40324179265 0.337326966713 0.05
4 23 7.04283095041 3.91869634779 -6.79476560882 12.1275540017 13.4758371861 0.793529031733 1.47294296283 3.68332252565 14.0340396329 17.1758472102 1.05094950259 1.98015485973 6.75557736767 1.99635270367 0.28464945039 0.05
5 24 7.68629871749 4.47167781808 -6.99563505721 14.0340396329 17.1758472102 1.05094950259 1.98015485973 27.0448960528 1.29357983438 -4.18768983001 -0.848427304131 -1.18394617067 44.6102006936 3.70226466699 0.537313683373 0.05
5 25 7.68181463815 4.94199002416 -7.2769590309 1.29357983438 -4.18768983001 -0.848427304131 -1.18394617067 2.5826587583 -1.57177811119 -10.6284863651 -1.26658496471 -2.12425953154 3.28089031886 2.59289193209 0.367549674951 0.05
5 26 7.67416060117 5.6186611339 -7.32445615867 -1.57177811119 -10.6284863651 -1.26658496471 -2.12425953154 5.88139896103 -1.76022278089 -15.3453059663 -1.29391391842 -2.81309605856 12.4375995149 2.9853744284 0.413636072529 0.05
6 27 7.7080479837 6.45691099624 -7.22956180823 -1.76022278089 -15.3453059663 -1.29391391842 -2.81309605856 24.0246009385 5.5697869205 -1.39978741358 -0.294374509457 -0.9524370101 71.1713422581 5.21982373382 0.719209779989 0.05
7 28 7.54724498314 7.01831184902 -6.96407012382 5.5697869205 -1.39978741358 -0.294374509457 -0.9524370101 27.403374187 10.895663606 29.1066430363 0.43948342554 3.23787548506 42.1467470998 3.12880442572 0.436176467398 0.05
7 29 7.6876796976 7.84191785306 -6.7334556137 10.895663606 29.1066430363 0.43948342554 3.23787548506 3.91470781119 9.03800523516 35.1270882282 0.182366472421 4.07771366142 6.14147391257 3.65094073023 0.533990596463 0.05
7 30 7.69326422632 8.56718329279 -6.60700888907 9.03800523516 35.1270882282 0.182366472421 4.07771366142 1.58676889207 8.22595979334 48.961243396 0.0694378739887 6.12791394684 2.29355282367 6.77505157271 1.01518298277 0.05
7 31 7.33095253843 9.13014926344 -6.48184062155 8.22595979334 48.961243396 0.0694378739887 6.12791394684 2.55308730305 3.57377042315 45.1545289055 -0.61249361669 5.55497988691 4.83548492184 10.1397912505 1.55768945456 0.05
7 32 6.83405829673 9.56973409234 -6.64175591016 3.57377042315 45.1545289055 -0.61249361669 5.55497988691 6.25359625366 22.2615544719 0.568079055548 2.29176222659 -1.35519237916 8.37894931456 6.41393410519 0.978778326834 0.05
7 33 6.8702962058 10.1575886903 -7.12450594373 22.2615544719 0.568079055548 2.29176222659 -1.35519237916 1.74666554497 6.97423902043 3.78708428401 0.0201277039218 -0.893274053461 1.82653644349 4.41407008803 0.629002597667 0.05
7 34 6.85167470335 10.1564688216 -7.76216067367 6.97423902043 3.78708428401 0.0201277039218 -0.893274053461 1.26468125014 6.38628491562 8.96685197264 -0.0613123134453 -0.159711415956 1.39566584735 2.56494594271 0.339851645702 0.05
7 35 6.50555095925 9.98070793908 -8.28146033862 6.38628491562 8.96685197264 -0.0613123134453 -0.159711415956 2.06753077155 8.97389835903 11.2634824053 0.287744021995 0.147302529353 2.63003129063 2.09626248839 0.261605109488 0.05
7 36 5.87608416804 10.2024893137 -8.56022273838 8.97389835903 11.2634824053 0.287744021995 0.147302529353 5.2626767842 12.7463175183 10.0234305978 0.773592685253 -0.012213003134 8.61815426582 2.12567126509 0.255302255191 0.05
7 37 5.12357527747 10.5623696511 -8.97145426627 12.7463175183 10.0234305978 0.773592685253 -0.012213003134 6.2589413078 21.3664212836 5.44194876103 1.79125541523 -0.55735824974 8.47114257732 3.03497600808 0.347004714762 0.05
7 38 5.2864068324 10.4276819926 -9.60082701673 21.3664212836 5.44194876103 1.79125541523 -0.55735824974 3.51871416226 -3.06566605974 13.3525888354 -0.863768916856 0.302298136573 3.71933575006 5.38839683015 0.568406014929 0.05
7 39 5.56756123864 10.1676330389 -10.245305882 -3.06566605974 13.3525888354 -0.863768916856 0.302298136573 0.194845944318 -0.128331359575 14.3571432594 -0.557421321826 0.407815597923 0.212586239016 4.20771396302 0.41697010691 0.05
7 40 5.48390022769 9.89120451937 -10.5887277819 -0.128331359575 14.3571432594 -0.557421321826 0.407815597923 1.01555703955 3.21609715804 15.7272726324 -0.221021228483 0.547058630792 1.3728263506 3.07919371421 0.297756915324 0.05
7 41 4.74581020052 9.57853793994 -10.5975285493 3.21609715804 15.7272726324 -0.221021228483 0.547058630792 9.61743037582 8.69714204361 17.6357676686 0.329574059384 0.741017414368 22.2223865232 2.97503654676 0.284958972968 0.05
7 42 4.3678496124 9.84973404703 -10.5630972394 8.69714204361 17.6357676686 0.329574059384 0.741017414368 7.32059462029 11.7464354807 17.3818871927 0.641003980362 0.715790938182 25.8209095337 3.43138331684 0.326777442546 0.05
8 43 3.94509773211 10.3755403653 -10.6381059694 11.7464354807 17.3818871927 0.641003980362 0.715790938182 14.3107057122 23.6630054355 11.1900435201 1.79034319876 0.116584418179 45.9555486262 5.78060183669 0.547850775858 0.05
8 44 3.58507691489 10.4382588723 -11.0306748133 23.6630054355 11.1900435201 1.79034319876 0.116584418179 1.29742987802 34.9331188437 -4.06329128817 2.84082397146 -1.31054101728 1.40748560969 6.0911978574 0.561575890962 0.05
8 45 3.86745669861 10.6748959646 -11.4993513689 34.9331188437 -4.06329128817 2.84082397146 -1.31054101728 2.27274307972 -54.7877667465 23.3561245611 -5.09794551146 1.10403826949 2.33495172197 16.9669417203 1.4803119027 0.05
8 46 4.10622146182 10.72857643 -11.8914514355 -54.7877667465 23.3561245611 -5.09794551146 1.10403826949 0.124198457176 36.7431905909 -2.26825911158 2.74450376436 -1.09278088441 0.124450697581 18.9111679661 1.59476618645 0.05
8 47 3.75617065666 10.668491035 -12.1215799662 36.7431905909 -2.26825911158 2.74450376436 -1.09278088441 0.690564509399 24.1983885226 9.3229355076 1.68795930817 -0.113670895023 0.759920361375 22.1595225428 1.83098117898 0.05
