# segID k x0 y0 z0 p1p p2p p3p p4p chi2p p1f p2f p3f p4f chi2f cfxy cftxy
0 0 -0.0609888575921 0.0259387436788 -9.66605925105 0.0 0.0 0.0 0.0 0.0 3.49696951487 1.86568628186 0.355795837246 0.183974753818 1000000.0 1.10686149594 0.110686149594 0.05
0 1 0.174325507274 0.020457814822 -9.00516327362 3.49696951487 1.86568628186 0.355795837246 0.183974753818 0.599559309789 2.8839525772 0.969273892949 0.293454261729 0.0928128997089 1.4628516227 1.24157565033 0.129444322968 0.05
0 2 0.334869039004 0.0551591023887 -8.39106343938 2.8839525772 0.969273892949 0.293454261729 0.0928128997089 0.314284002038 2.4645257115 0.341175624061 0.249628471144 0.0272216994546 0.541436861996 1.13452764604 0.125696093016 0.05
0 3 0.623422257938 0.539459534063 -7.84940628834 2.4645257115 0.341175624061 0.249628471144 0.0272216994546 2.24345531093 2.95551745763 1.96989681383 0.303207137251 0.204587223927 3.89733169892 1.05697532895 0.125421258191 0.05
0 4 0.552655308585 0.756101282632 -7.30563369804 2.95551745763 1.96989681383 0.303207137251 0.204587223927 1.40057611608 2.24541544187 3.01838163092 0.220656445496 0.326338377505 2.46850887662 1.05715144968 0.135285831765 0.05
0 5 0.745224530335 1.01881138162 -6.75773934471 2.24541544187 3.01838163092 0.220656445496 0.326338377505 0.518224005616 2.22576306401 3.7710211745 0.218416352393 0.420206540974 0.901510485811 1.01034290408 0.139222401132 0.05
0 6 0.627494177702 1.43766350311 -6.23948978692 2.22576306401 3.7710211745 0.218416352393 0.420206540974 1.69905928389 1.42035457671 4.78349312361 0.110827955548 0.556063951544 2.97805826341 0.979234388254 0.145855069651 0.05
0 7 0.335857032237 1.87286308801 -5.80643508135 1.42035457671 4.78349312361 0.110827955548 0.556063951544 3.67249921858 0.0490521817753 5.79571381653 -0.0843704878825 0.700796217735 6.80456212956 0.914569629611 0.145930955576 0.05
0 8 -0.0447997181884 2.24340308344 -5.34332981056 0.0490521817753 5.79571381653 -0.0843704878825 0.700796217735 4.12153400418 -1.75359481243 6.49474328426 -0.365306972379 0.811516253695 7.43793715195 0.972633233146 0.169155761799 0.05
0 9 -0.30012000109 2.39826511563 -4.78669247064 -1.75359481243 6.49474328426 -0.365306972379 0.811516253695 1.54787517207 -2.72949539626 5.71389330217 -0.531360405818 0.676915173253 2.4832124551 0.956251359442 0.184706506295 0.05
0 10 -0.602818039835 2.562129025 -4.18392824508 -2.72949539626 5.71389330217 -0.531360405818 0.676915173253 1.18695903773 -2.97793135197 4.54330114275 -0.57650010205 0.450435428186 1.72152981239 0.885519312624 0.193305870158 0.05
0 11 -0.800048685823 2.6257254234 -3.53318793419 -2.97793135197 4.54330114275 -0.57650010205 0.450435428186 1.22914688837 -2.48440965158 3.50803755731 -0.466928209421 0.224913633768 1.67318583959 0.726283121302 0.18331404367 0.05
0 12 -1.32641468531 2.45015104061 -3.06972543282 -2.48440965158 3.50803755731 -0.466928209421 0.224913633768 2.50094641688 -3.08582360442 2.69158021164 -0.608539791932 0.0328051760049 4.08128587284 0.570542462512 0.161056855547 0.05
0 13 -2.00113985674 2.41510795008 -2.85463296094 -3.08582360442 2.69158021164 -0.608539791932 0.0328051760049 5.72510381434 -4.22267205199 2.43359105103 -0.897143197395 -0.0292111446829 12.0063938571 0.496630313469 0.151348796918 0.05
0 14 -2.65436609971 2.44415408947 -2.72075007118 -4.22267205199 2.43359105103 -0.897143197395 -0.0292111446829 9.06030255654 -5.49397769612 2.38839092051 -1.24103733892 -0.0384660674698 23.5951035633 0.488839855969 0.160108967015 0.05
0 15 -3.18629799939 2.83232687027 -2.49301717059 -5.49397769612 2.38839092051 -1.24103733892 -0.0384660674698 8.97004817605 -7.14207331244 2.96462224305 -1.77060028345 0.136603045722 21.6433931488 0.617952273736 0.225576330084 0.05
0 16 -3.44608468973 3.35959567112 -2.12293839955 -7.14207331244 2.96462224305 -1.77060028345 0.136603045722 5.89244926037 -7.42642246433 4.47604193565 -1.88359922656 0.679520943137 11.2276242856 0.761082056976 0.324225530977 0.05
0 17 -3.96517528775 3.74091064944 -1.70224756141 -7.42642246433 4.47604193565 -1.88359922656 0.679520943137 2.63653070548 -6.69887147223 5.40346185273 -1.569808659 1.06528766597 3.96311807449 0.709043872768 0.371890711051 0.05
0 18 -4.3909757072 4.1707088235 -1.3665222833 -6.69887147223 5.40346185273 -1.569808659 1.06528766597 0.866530989923 -6.36004992637 5.79509059325 -1.40473109238 1.25088466626 1.35001404191 0.555698281164 0.352029957228 0.05
0 19 -4.58428788714 4.71644087175 -1.11804756612 -6.36004992637 5.79509059325 -1.40473109238 1.25088466626 1.77238377547 -6.06553693255 6.28337505938 -1.24806855891 1.52705319224 3.12626879123 0.481711706377 0.3663949387 0.05
0 20 -4.72850820841 5.23647099962 -0.819710917664 -6.06553693255 6.28337505938 -1.24806855891 1.52705319224 1.66110319505 -5.58877076395 6.53347241277 -0.910016066027 1.69555421394 2.74564581113 0.405984107033 0.397703036544 0.05
0 21 -4.84778232003 5.85597576407 -0.300181971364 -5.58877076395 6.53347241277 -0.910016066027 1.69555421394 1.42891688069 -4.9979588076 6.25016271632 -0.253645771333 1.32432234575 1.70354916002 0.216305731073 0.368724720517 0.05
0 22 -4.47678198471 6.42227150703 0.296626963578 -4.9979588076 6.25016271632 -0.253645771333 1.32432234575 2.74078627927 -4.68003173924 6.13084906396 0.327066627985 1.02700593604 3.31379060303 0.110941777714 0.303328457947 0.05
0 23 -4.01827486462 6.53265905442 0.76809733804 -4.68003173924 6.13084906396 0.327066627985 1.02700593604 2.90548300085 -4.64947289895 6.14718259579 0.676580368681 0.607169705366 3.85445260218 0.175333047029 0.277313868809 0.05
0 24 -3.38559255825 6.65599010861 1.22975047676 -4.64947289895 6.14718259579 0.676580368681 0.607169705366 2.53986396992 -4.80150398847 6.22382312934 1.04316387812 0.402802623306 3.6249643058 0.266628665972 0.260712589386 0.05
0 25 -2.91271305628 6.67858492772 1.52293256299 -4.80150398847 6.22382312934 1.04316387812 0.402802623306 1.39250181626 -4.95418443937 6.28508064178 1.25992654231 0.30087974457 2.35452518026 0.295300323032 0.229064203038 0.05
0 26 -2.16725655106 6.63213011993 1.60591678202 -4.95418443937 6.28508064178 1.25992654231 0.30087974457 7.34264574928 -5.33247079652 6.28798494667 1.6975354424 0.266779570007 17.3388441196 0.332132746735 0.23167016472 0.05
1 27 -1.41095661533 6.78410951677 1.65733472455 -5.33247079652 6.28798494667 1.6975354424 0.266779570007 13.6412768985 -5.90929328462 6.18111058891 2.26718485677 0.34687975809 41.123885793 0.382196432102 0.249896892366 0.05
2 28 -0.693306122946 6.89088154388 1.71831303804 -5.90929328462 6.18111058891 2.26718485677 0.34687975809 18.3562626088 -7.24728179286 5.94744469108 3.27419126045 0.508183615551 61.6517986477 0.622272363967 0.378702727571 0.05
3 29 0.0534802917512 6.95345441338 1.68591923151 -7.24728179286 5.94744469108 3.27419126045 0.508183615551 37.1800455219 0.985337206618 7.1424060498 -1.21959910337 -0.154552472284 100.637705263 1.43805143507 0.833700229352 0.05
3 30 0.683871516338 6.72333623905 1.4323954416 0.985337206618 7.1424060498 -1.21959910337 -0.154552472284 14.3436725677 7.95013106197 7.1704631019 -5.23765126202 -0.178935455568 18.9521237838 0.755249996603 0.46035809386 0.05
3 31 0.823433161077 6.57812880371 0.892120726746 7.95013106197 7.1704631019 -5.23765126202 -0.178935455568 1.30258599605 -0.463199465208 5.86959360299 1.45006843081 0.818523929934 1.32855464704 0.633205539876 0.607187458974 0.05
3 32 1.15958964889 6.51118630694 0.16976392477 -0.463199465208 5.86959360299 1.45006843081 0.818523929934 4.2681375905 1.20578999229 6.48381499143 -0.59755874058 0.00843526526061 4.45437260689 0.184668365965 0.459296702508 0.05
3 33 1.3517301299 6.85321135848 -0.273276316073 1.20578999229 6.48381499143 -0.59755874058 0.00843526526061 1.18805325083 1.19337088291 6.6681506288 -0.636132666631 -0.377544434592 1.53530813965 0.100158902205 0.293643209873 0.05
3 34 1.5506377577 7.46226977702 -0.0444988946785 1.19337088291 6.6681506288 -0.636132666631 -0.377544434592 8.81997249022 1.41267249349 7.10636541159 -0.2143244991 0.280732088865 16.4304647948 0.112016774156 0.428610737705 0.05
3 35 1.78441325756 7.66361685142 0.52212188634 1.41267249349 7.10636541159 -0.2143244991 0.280732088865 2.66525116593 1.50658334137 7.18345681317 0.393649877751 0.787546656514 3.1643982433 0.11758887392 0.290264676029 0.05
3 36 2.10617270901 8.34778573961 0.753767472427 1.50658334137 7.18345681317 0.393649877751 0.787546656514 4.92059255174 1.50799836145 7.17795630297 0.644094257998 1.26184610144 7.94668366645 0.146561879178 0.245740139439 0.05
3 37 2.12586920655 9.17887267344 0.805095552467 1.50799836145 7.17795630297 0.644094257998 1.26184610144 12.0186873133 1.41530132556 6.87034540562 0.81898529562 2.17095555993 27.8690506501 0.290864254085 0.398507463162 0.05
3 38 2.14521737346 9.60172539975 0.538945131693 1.41530132556 6.87034540562 0.81898529562 2.17095555993 4.27176509001 2.23661307169 10.7196571956 -0.121603060365 -2.19011668823 4.5000163599 0.383022062335 0.500694342547 0.05
3 39 2.28828648493 9.89574258574 0.0925007651125 2.23661307169 10.7196571956 -0.121603060365 -2.19011668823 2.21096799449 2.2905022105 10.0639050406 -0.181593585376 -0.948213564239 2.54522547993 0.168738440597 0.77077130138 0.05
3 40 2.03649798969 10.7738105932 -0.250411900021 2.2905022105 10.0639050406 -0.181593585376 -0.948213564239 1.81500190986 2.17668565484 10.2159013837 0.293302939961 -2.03210350188 2.1579977847 0.108793380074 0.489279700147 0.05
3 41 2.08445820904 10.9853321716 -0.743387092397 2.17668565484 10.2159013837 0.293302939961 -2.03210350188 1.27786159242 2.02475979442 11.1434202259 -0.067702616342 0.166080151177 1.34219938702 0.501896457041 0.745427339739 0.05
3 42 1.74879019361 11.3559490945 -1.23540226226 2.02475979442 11.1434202259 -0.067702616342 0.166080151177 1.14118886263 2.37246588528 10.6779545548 0.473003156786 -0.52766183763 1.25263011764 0.43149333691 0.400837453956 0.05
3 43 1.62040706541 11.6968235309 -1.50134619935 2.37246588528 10.6779545548 0.473003156786 -0.52766183763 0.551489163808 2.41562318322 10.4442802679 0.521321937069 -0.789911729267 0.781200836359 0.454884589695 0.340355260551 0.05
3 44 2.38698751075 12.1647361521 -1.64291663133 2.41562318322 10.4442802679 0.521321937069 -0.789911729267 10.6260002614 0.80611079822 9.72345657952 -0.742772702145 -1.37264510486 18.8586568725 0.928182424302 0.597647538685 0.05
3 45 2.10600159145 11.7640416678 -2.00245837374 0.80611079822 9.72345657952 -0.742772702145 -1.37264510486 1.1758427315 2.16906401531 13.9136773142 0.0303534115099 1.05638201585 1.23484039839 1.3247828795 0.704590423057 0.05
3 46 2.35552141366 11.8436674041 -2.40577317885 2.16906401531 13.9136773142 0.0303534115099 1.05638201585 1.10736465437 1.02718708657 11.2870492804 -0.541989807028 -0.215639964566 1.20878836719 2.1702534286 0.922831807468 0.05
3 47 2.422259934 11.9893672947 -2.68898001123 1.02718708657 11.2870492804 -0.541989807028 -0.215639964566 0.101910541252 1.45328396477 10.4460036581 -0.363872847992 -0.568677017677 0.116480942063 2.39576077422 0.913971187171 0.05
