# segID k x0 y0 z0 p1p p2p p3p p4p chi2p p1f p2f p3f p4f chi2f cfxy cftxy
0 0 0.00702282443298 -0.019032136069 -9.66605925105 0.0 0.0 0.0 0.0 0.0 1.27996312612 -0.184501435537 0.127294030169 -0.0165469299468 1000000.0 1.00082277429 0.100082277429 0.05
0 1 0.37836710131 0.0124128777043 -9.0153172337 1.27996312612 -0.184501435537 0.127294030169 -0.0165469299468 0.71420776588 2.30752196882 0.0115230582662 0.231719310584 0.00337398541405 2.04110782483 1.15085144981 0.119732260746 0.05
0 2 0.344127400419 0.014892305149 -8.36308006097 2.30752196882 0.0115230582662 0.231719310584 0.00337398541405 0.020314852532 2.19088368166 0.154417633216 0.219484149785 0.0183532270826 0.0363286666747 1.1187436745 0.124316289679 0.05
0 3 0.039652154911 -0.104303254988 -7.69465163001 2.19088368166 0.154417633216 0.219484149785 0.0183532270826 2.68686380943 0.27045808053 -0.327499250943 0.00704658707564 -0.0348938630098 4.34858009071 1.05765401364 0.12773488513 0.05
0 4 0.234540526419 -0.178087391155 -7.03897445359 0.27045808053 -0.327499250943 0.00704658707564 -0.0348938630098 0.111596834276 0.321843253516 -0.686427905594 0.0131428230367 -0.0774566338402 0.18094102651 0.986643589532 0.129875496118 0.05
0 5 -0.170379924767 -0.279868334894 -6.4449157142 0.321843253516 -0.686427905594 0.0131428230367 -0.0774566338402 2.09964746557 -1.06242531527 -1.00006827043 -0.163837001233 -0.117551343523 3.51229082813 0.911339912382 0.130454975344 0.05
0 6 -0.328091447721 -0.501322155114 -5.87188909089 -1.06242531527 -1.00006827043 -0.163837001233 -0.117551343523 1.0721981848 -1.80268355455 -1.62200290568 -0.267089662558 -0.204306267727 1.82336795993 0.874427732445 0.136951883429 0.05
0 7 -0.648213955926 -0.830803255735 -5.23317517092 -1.80268355455 -1.62200290568 -0.267089662558 -0.204306267727 1.60455272775 -2.59596185251 -2.52151437867 -0.389745541368 -0.34320153152 2.58109723817 0.831231181907 0.144856757484 0.05
0 8 -0.647078979973 -0.718235221204 -4.55746092042 -2.59596185251 -2.52151437867 -0.389745541368 -0.34320153152 0.980506512536 -2.04340873221 -1.77468989414 -0.293501929346 -0.213710936671 1.49293712041 0.781864762267 0.155330770907 0.05
0 9 -0.78176553119 -0.924343701104 -3.88744599818 -2.04340873221 -1.77468989414 -0.293501929346 -0.213710936671 0.165124203706 -1.70714393813 -1.71185674472 -0.227769593931 -0.201134711343 0.246445176369 0.6706281805 0.152761266976 0.05
0 10 -1.0479514692 -0.815915638702 -3.21962887529 -1.70714393813 -1.71185674472 -0.227769593931 -0.201134711343 0.751794086826 -1.87312436305 -1.1259562665 -0.264464457772 -0.0703180261732 1.13619534962 0.566357883914 0.151780549039 0.05
0 11 -1.04233837662 -0.94679249441 -2.53130085876 -1.87312436305 -1.1259562665 -0.264464457772 -0.0703180261732 0.285915047894 -1.54353919047 -1.12000338415 -0.177229913133 -0.0685764428741 0.424147510842 0.466506754158 0.152900759755 0.05
0 12 -1.14240182423 -0.956797850581 -1.82670286372 -1.54353919047 -1.12000338415 -0.177229913133 -0.0685764428741 0.0804506063597 -1.41401285722 -1.0566599201 -0.135245282386 -0.0480870592997 0.117831174922 0.361088594864 0.152466038115 0.05
0 13 -1.07819656996 -0.879964378747 -1.11994319562 -1.41401285722 -1.0566599201 -0.135245282386 -0.0480870592997 0.531407722878 -1.17633140393 -0.898977910548 -0.0355111992418 0.0179525919404 0.778243776854 0.259234906594 0.153413494721 0.05
0 14 -1.16075767744 -1.06616617176 -0.423595306182 -1.17633140393 -0.898977910548 -0.0355111992418 0.0179525919404 0.278418769212 -1.17602562687 -1.04321410484 -0.0353534863508 -0.0674777968927 0.411217632458 0.164032783922 0.154048298264 0.05
0 15 -1.31461900949 -1.07783985483 0.241029580289 -1.17602562687 -1.04321410484 -0.0353534863508 -0.0674777968927 0.191357529876 -1.24608837481 -1.05312017445 -0.105126912426 -0.0773644471693 0.286478509415 0.0979428193358 0.155902547446 0.05
0 16 -1.75063657845 -1.25112752749 0.856097289173 -1.24608837481 -1.05312017445 -0.105126912426 -0.0773644471693 2.15059720397 -1.32517956131 -1.07808253652 -0.327762282349 -0.148430112484 3.3055092568 0.113861872729 0.158172777858 0.05
0 17 -2.09589646082 -0.885406440033 1.47119235715 -1.32517956131 -1.07808253652 -0.327762282349 -0.148430112484 2.85047121095 -1.26936399431 -1.15492089848 -0.494177435951 0.086686396161 4.35345335222 0.204661326635 0.170503536821 0.05
0 18 -2.49640020973 -0.736133070278 2.09220770051 -1.26936399431 -1.15492089848 -0.494177435951 0.086686396161 1.03489669229 -1.14464199731 -1.29437305452 -0.615985980291 0.229142147528 1.54395353018 0.324102444462 0.180842089566 0.05
0 19 -2.39333441614 -0.306842871719 2.69165668747 -1.14464199731 -1.29437305452 -0.615985980291 0.229142147528 3.30846793945 -1.61804719828 -1.66637176632 -0.335310066336 0.45998133578 4.85523122877 0.47557413751 0.198319227713 0.05
0 20 -2.26049999267 0.00691470623081 3.20775418596 -1.61804719828 -1.66637176632 -0.335310066336 0.45998133578 2.53595129718 -2.2457243843 -1.90625235664 -0.049532776719 0.573913458871 3.8349813435 0.555129071826 0.191865066909 0.05
0 21 -1.82794874614 0.173827083193 3.75414753801 -2.2457243843 -1.90625235664 -0.049532776719 0.573913458871 3.99675466253 -3.45862042609 -1.70684489298 0.383396537777 0.505829972066 5.84411398846 0.705363953957 0.205362831746 0.05
0 22 -1.71030899074 0.639620143179 4.35129621651 -3.45862042609 -1.70684489298 0.383396537777 0.505829972066 0.283423273881 -3.65284674636 -2.07613823769 0.440834993828 0.614592436809 0.399079481958 0.83164503487 0.20586672876 0.05
0 23 -1.13485988004 0.93601281409 4.75285819438 -3.65284674636 -2.07613823769 0.440834993828 0.614592436809 2.2045906043 -4.67509862819 -2.3727250226 0.710837339769 0.68954055174 3.56186811931 0.911469855469 0.204139731574 0.05
0 24 -0.505405377855 0.996810695087 4.79292541504 -4.67509862819 -2.3727250226 0.710837339769 0.68954055174 7.06229624384 -5.67486561867 -2.47124420895 0.983919996268 0.716311935665 17.4108146768 1.14587676915 0.24469995814 0.05
1 25 0.516304397293 1.13514734618 4.57731541111 -5.67486561867 -2.47124420895 0.983919996268 0.716311935665 31.2927679021 -1.78137369413 -0.536479170654 0.244515051032 0.323184443638 102.579790541 1.48062817452 0.31778477339 0.05
2 26 0.759590741195 1.11421420269 4.19262770931 -1.78137369413 -0.536479170654 0.244515051032 0.323184443638 27.8970929296 6.47676793 1.93295256251 -1.50670485004 -0.202975269489 45.9416524508 1.20811946564 0.267863014977 0.05
2 27 1.45744275279 1.54246899441 4.12502086924 6.47676793 1.93295256251 -1.50670485004 -0.202975269489 20.1157161145 5.10394565201 2.56036904528 -1.01236367549 -0.295868880012 36.1868364545 1.93112460493 0.467955562899 0.05
2 28 1.99375009061 1.8280453844 4.4733943903 5.10394565201 2.56036904528 -1.01236367549 -0.295868880012 23.4857450542 -4.53316810262 -0.671717441525 1.37705120531 0.505859230577 33.0187902633 1.64062741333 0.382452688968 0.05
2 29 2.39095785576 1.88330553143 4.72430584801 -4.53316810262 -0.671717441525 1.37705120531 0.505859230577 2.19566184346 -7.00541166459 -1.62695226589 1.96122299252 0.730572049162 3.22602918871 1.63769416907 0.360931236688 0.05
2 30 3.23744351263 1.42662837099 4.72209649564 -7.00541166459 -1.62695226589 1.96122299252 0.730572049162 13.6830850794 -6.09176614794 0.0976867935251 1.86126482106 0.337004891414 31.7139386818 2.79324933203 0.591810825558 0.05
3 31 3.80265397153 1.04477233383 4.75423730747 -6.09176614794 0.0976867935251 1.86126482106 0.337004891414 17.9902092231 -14.0331517873 1.94877104376 3.6279512143 -0.0941814140698 45.6653537821 3.41910043862 0.726702723723 0.05
3 32 4.47063850492 0.714882594991 4.77931067138 -14.0331517873 1.94877104376 3.6279512143 -0.0941814140698 20.6111427878 13.1582090811 0.237879682341 -1.88534504592 0.205890483346 38.683190462 6.18320921728 1.28633019078 0.05
3 33 4.80766445845 -0.0574505536669 4.92169276268 13.1582090811 0.237879682341 -1.88534504592 0.205890483346 25.9284034577 -4.48027516719 15.4715827246 1.85807216956 -3.05238556411 39.7603327861 4.56063017004 0.9412594397 0.05
3 34 5.33975785924 -0.227244542868 5.32973119902 -4.48027516719 15.4715827246 1.85807216956 -3.05238556411 1.18096885114 -0.595067409873 5.02782014374 1.11310960516 -0.994514307312 1.28441285365 5.49372758174 1.04110014043 0.05
3 35 5.55617407568 -0.609890889421 5.76250632215 -0.595067409873 5.02782014374 1.11310960516 -0.994514307312 0.26199968948 2.04276661647 3.70507129693 0.613825053666 -0.748006940825 0.291277479681 2.61951970948 0.468048261524 0.05
3 36 6.41302212832 -0.334088155822 6.26642106022 2.04276661647 3.70507129693 0.613825053666 -0.748006940825 4.91130072441 -1.37113110815 -0.687673549194 1.22732785069 0.0392796172076 5.92281154918 2.28247030199 0.374973395185 0.05
3 37 7.1013113811 -0.167407780543 6.67344100624 -1.37113110815 -0.687673549194 1.22732785069 0.0392796172076 1.34563529095 -4.0045108787 -2.56049213638 1.65419462171 0.348847223347 1.77948471126 2.89291284477 0.442650665562 0.05
3 38 7.69334555256 -0.229006763974 6.74395384139 -4.0045108787 -2.56049213638 1.65419462171 0.348847223347 3.5943776747 -3.24430441673 -1.75637348822 1.5877220342 0.228359908516 6.25031479641 4.84969512602 0.719608652336 0.05
3 39 7.88723733981 -0.140658868318 6.29023008952 -3.24430441673 -1.75637348822 1.5877220342 0.228359908516 3.04695091053 15.1583530293 1.06575440803 -1.16462282124 -0.193097118908 3.19954366458 2.98674159093 0.458957131768 0.05
3 40 7.81445807295 -0.298566418325 5.61052634626 15.1583530293 1.06575440803 -1.16462282124 -0.193097118908 2.1363211864 6.81824475186 -1.56652054955 0.186256549703 0.229846794491 2.27865882605 2.89470094837 0.504860989633 0.05
3 41 7.56059117549 -0.284928428432 5.24399212596 6.81824475186 -1.56652054955 0.186256549703 0.229846794491 0.482003326032 4.89408971679 -1.10652620656 0.517036745034 0.152774088707 0.603426429146 1.8047617432 0.328683164527 0.05
3 42 6.99445956761 -0.315640509645 5.08743508487 4.89408971679 -1.10652620656 0.517036745034 0.152774088707 3.3647571189 1.06752114246 -1.13692747043 1.20638304939 0.159611515894 5.58366521918 2.13234316527 0.40707225026 0.05
3 43 6.29883408847 -0.923650519087 5.1070472944 1.06752114246 -1.13692747043 1.20638304939 0.159611515894 14.9493836762 10.3968648519 1.72395214056 -0.728539335305 -0.458672121363 26.7244764585 4.04915416831 0.799415506536 0.05
3 44 6.35022976019 -1.20748914158 5.39012681321 10.3968648519 1.72395214056 -0.728539335305 -0.458672121363 1.97647775991 12.2878480802 7.384987488 -1.09940266101 -1.57381430495 2.58193491282 3.25734573226 0.619054713501 0.05
3 45 6.62004334451 -1.86818698438 5.57419566686 12.2878480802 7.384987488 -1.09940266101 -1.57381430495 4.69907854723 8.01943446085 12.6989459424 -0.27565663781 -2.5863375679 6.77062525239 5.45783691777 0.98752112382 0.05
3 46 6.5907493943 -2.05109558248 5.6292479848 8.01943446085 12.6989459424 -0.27565663781 -2.5863375679 0.64384930034 7.38365956715 15.2411128765 -0.1524037357 -3.05538920015 1.28449267604 6.76804837646 1.20957017001 0.05
3 47 6.44818289632 -2.37367977465 5.50684207442 7.38365956715 15.2411128765 -0.1524037357 -3.05538920015 0.369123871918 3.5792348223 -17.9837675716 0.522087717192 2.83626102405 0.374819761439 7.30808355088 1.30748488284 0.05
