# segID k x0 y0 z0 p1p p2p p3p p4p chi2p p1f p2f p3f p4f chi2f cfxy cftxy
0 0 0.00171907991297 0.0481331441592 -9.66605925105 0.0 0.0 0.0 0.0 0.0 -3.49141268599 -1.34211779512 -0.349313176591 -0.139025093928 1000000.0 1.09285904978 0.109285904978 0.05
0 1 -0.0671976973472 -0.107686634075 -9.03430910785 -3.49141268599 -1.34211779512 -0.349313176591 -0.139025093928 0.85878114203 -2.24131747698 -1.40249688671 -0.222441468184 -0.145152945989 2.22572612509 1.21755265985 0.126625925223 0.05
0 2 -0.524920474392 -0.2290401995 -8.43999838194 -2.24131747698 -1.40249688671 -0.222441468184 -0.145152945989 0.351145983481 -3.00030380865 -1.6492038655 -0.301581083761 -0.170891526635 0.620424216097 1.13792854558 0.125431439632 0.05
0 3 -0.628074953543 -0.114474802069 -7.80902957438 -3.00030380865 -1.6492038655 -0.301581083761 -0.170891526635 0.482461401783 -2.91527480568 -0.800092996658 -0.292144207721 -0.0776642247916 0.797290043416 1.10699162058 0.132264108615 0.05
0 4 -0.457435506906 -0.158869812631 -7.16965295016 -2.91527480568 -0.800092996658 -0.292144207721 -0.0776642247916 1.63477736552 -1.47248348084 -0.454280530822 -0.122404975334 -0.0368666668694 2.6276861372 1.03628650988 0.134466414116 0.05
0 5 -0.243622613877 0.0744935485787 -6.58295613098 -1.47248348084 -0.454280530822 -0.122404975334 -0.0368666668694 3.11602864452 0.0616533433296 0.570535054185 0.0716849666278 0.0925984723012 5.14864544249 0.951714146676 0.133726880123 0.05
0 6 0.312424318207 0.102238815772 -6.1343742884 0.0616533433296 0.570535054185 0.0716849666278 0.0925984723012 6.03152424357 2.19106788025 0.885112748618 0.35730218183 0.134860493327 11.03428084 0.851296784812 0.127644396255 0.05
0 7 0.96519902115 0.415950850922 -5.77161960255 2.19106788025 0.885112748618 0.35730218183 0.134860493327 9.93663621561 4.56857972337 1.76481590065 0.69776114766 0.260849074457 20.1453454074 0.850549983404 0.136502273034 0.05
0 8 1.31579621206 0.593276733123 -5.30248171716 4.56857972337 1.76481590065 0.69776114766 0.260849074457 3.03686184349 6.1299099288 2.48895003094 0.946490558553 0.37587733401 5.60506888891 0.95294355823 0.16722316948 0.05
0 9 1.72244606367 0.310667718654 -4.8615052238 6.1299099288 2.48895003094 0.946490558553 0.37587733401 1.98928668834 6.74947409298 1.42999691224 1.05169178195 0.197597036119 3.61661781824 0.949442300095 0.181635322817 0.05
0 10 2.40379030701 0.50616963205 -4.48406997081 6.74947409298 1.42999691224 1.05169178195 0.197597036119 1.6860320109 8.16048693567 1.40376584858 1.31848109953 0.195059092554 2.92080507508 0.989178287615 0.205725819148 0.05
0 11 2.80565440944 0.63119419454 -4.04362070367 8.16048693567 1.40376584858 1.31848109953 0.195059092554 0.00947955455504 8.05986885095 1.451053594 1.29733281178 0.204501216903 0.0154143214815 1.04709031661 0.241592765472 0.05
0 12 3.42319169675 0.386795902289 -3.58786807685 8.05986885095 1.451053594 1.29733281178 0.204501216903 1.2836809594 8.07825988665 0.410018896535 1.30032789739 -0.0280355080138 2.05547784517 0.961714500175 0.247497238553 0.05
0 13 3.95946148737 0.31307599048 -3.21864218706 8.07825988665 0.410018896535 1.30032789739 -0.0280355080138 0.475619512782 8.30218108885 -0.0877491857289 1.35671986561 -0.148525152785 0.80278110789 0.839608298861 0.238729550562 0.05
0 14 4.62503949167 -0.0537524634493 -2.89029121281 8.30218108885 -0.0877491857289 1.35671986561 -0.148525152785 2.61742485986 9.1836922097 -1.08001156108 1.60795265756 -0.415631252156 4.54357006754 0.823059733634 0.260755579338 0.05
0 15 5.03241300895 -0.187653446566 -2.51694440901 9.1836922097 -1.08001156108 1.60795265756 -0.415631252156 0.404497304224 8.83078992151 -1.45141703284 1.49595529882 -0.527404807277 0.662201157221 0.835190533151 0.30376075224 0.05
0 16 5.7088544806 -0.679372748118 -2.07466062537 8.83078992151 -1.45141703284 1.49595529882 -0.527404807277 1.15626840148 8.87843332885 -2.27715982689 1.5214822899 -0.82187943477 1.74077118606 0.720670059899 0.309212551062 0.05
0 17 6.02448824395 -0.903021920962 -1.5589128275 8.87843332885 -2.27715982689 1.5214822899 -0.82187943477 1.73871645462 7.48405325171 -1.9111800778 0.880939735031 -0.641970394056 2.11345273902 0.597118597847 0.333086995247 0.05
0 18 5.92710327878 -1.56851962894 -1.04782024241 7.48405325171 -1.9111800778 0.880939735031 -0.641970394056 4.69557851358 6.33690868104 -2.35575178181 0.256161455903 -0.856942867554 6.30780815148 0.36240993657 0.260669927041 0.05
0 19 6.19970078329 -2.01839810775 -0.737803351618 6.33690868104 -2.35575178181 0.256161455903 -0.856942867554 1.04747910754 6.43002861076 -2.69704174584 0.325652559947 -1.07255715901 1.68740043935 0.243143041759 0.211334271433 0.05
0 20 6.09605471441 -2.77774508349 -0.868663989086 6.43002861076 -2.69704174584 0.325652559947 -1.07255715901 11.9104871037 6.38537633434 -2.96898108158 0.279898057791 -0.958410483803 32.5804642301 0.277343047156 0.303998544961 0.05
1 21 5.86307665266 -3.2435854318 -1.31481094673 6.38537633434 -2.96898108158 0.279898057791 -0.958410483803 27.5556158083 6.33521069532 -1.49085498457 0.250671846251 0.900425515566 44.7506229254 0.316779354045 0.291262125591 0.05
1 22 5.75126089188 -3.73308824415 -1.8313266619 6.33521069532 -1.49085498457 0.250671846251 0.900425515566 3.30965898306 6.47033728299 -0.810987721354 0.36882650465 1.52057036942 4.34933812248 0.381328820161 0.246101784435 0.05
1 23 5.73175250517 -4.25580152453 -2.24265466999 6.47033728299 -0.810987721354 0.36882650465 1.52057036942 0.1003845853 6.37840849169 -0.768823678757 0.301623366673 1.55006510304 0.150472993427 0.646859428613 0.310902619303 0.05
1 24 5.9722236587 -4.9142234147 -2.61219079546 6.37840849169 -0.768823678757 0.301623366673 1.55006510304 1.78289496215 5.70766965917 -0.576237124967 -0.0487269624749 1.64786753517 2.78096388834 0.879347568188 0.360939042085 0.05
1 25 6.1748908988 -5.36681708159 -3.06437487836 5.70766965917 -0.576237124967 -0.0487269624749 1.64786753517 1.43215845313 4.89387388718 -1.60671535464 -0.39012023893 1.24009452283 1.87808426213 1.08635052309 0.375746641037 0.05
1 26 5.88456536611 -5.98106561686 -3.31616850166 4.89387388718 -1.60671535464 -0.39012023893 1.24009452283 1.82656517894 5.55590004779 -0.719630487973 -0.1352697602 1.56242824779 2.86678913851 0.868388881375 0.282951153194 0.05
1 27 6.26073632865 -6.67744154804 -3.36213814348 5.55590004779 -0.719630487973 -0.1352697602 1.56242824779 6.90073244391 5.15006518235 0.972321366876 -0.286228750066 2.16004925052 15.5039520943 0.892330840076 0.279538249239 0.05
1 28 6.26021811851 -7.19910480696 -3.66888561843 5.15006518235 0.972321366876 -0.286228750066 2.16004925052 0.399666933821 4.72945588786 3.1740525766 -0.413185783895 2.81791176925 0.470389225389 1.5269456607 0.441192005704 0.05
1 29 6.81866858025 -7.87364244361 -4.01681552711 4.72945588786 3.1740525766 -0.413185783895 2.81791176925 2.53207565145 3.15075118095 1.68202706967 -0.881383407035 2.39295823438 3.50475046727 2.28362892009 0.580010372948 0.05
1 30 7.09119597161 -8.34276542883 -4.40873849256 3.15075118095 1.68202706967 -0.881383407035 2.39295823438 0.843712342628 3.33878292796 -3.52058373847 -0.844353687669 1.10121066336 0.942035981376 2.05044014497 0.484781759368 0.05
1 31 7.25793542161 -8.73253756229 -4.95917335397 3.33878292796 -3.52058373847 -0.844353687669 1.10121066336 0.640287897751 4.86309230682 -5.1195322219 -0.489852109021 0.732755646151 0.721269837616 1.84369954079 0.384451089741 0.05
1 32 6.8745034524 -9.49236810298 -5.22391389133 4.86309230682 -5.1195322219 -0.489852109021 0.732755646151 6.83963384609 6.92870350827 -2.85732185703 -0.0280566771195 1.23407221439 10.6289381716 1.5036498995 0.30063002687 0.05
1 33 6.80220362095 -9.89185290729 -5.55453493385 6.92870350827 -2.85732185703 -0.0280566771195 1.23407221439 1.16214157956 8.72798327604 -1.28183994946 0.330920891121 1.54176484449 1.65326893356 2.00671956007 0.375692272212 0.05
1 34 6.16980515262 -10.0948868801 -5.92079743205 8.72798327604 -1.28183994946 0.330920891121 1.54176484449 4.56720963622 11.9244751616 -3.38364271794 0.942456633177 1.14541694711 6.33981192558 2.16888466632 0.37634407807 0.05
1 35 5.57102081502 -10.5923564411 -5.98388580711 11.9244751616 -3.38364271794 0.942456633177 1.14541694711 7.90325099671 14.6748454322 -1.3185563425 1.45704034655 1.51974393917 16.9337394221 2.09420289117 0.357482414883 0.05
1 36 5.3929821187 -11.1853470773 -5.97467312347 14.6748454322 -1.3185563425 1.45704034655 1.51974393917 10.3076181278 16.1593206541 1.33937469866 1.73533193848 2.00702109249 32.4668681085 2.10819127389 0.35760876312 0.05
2 37 5.45197703572 -12.0276383371 -5.91858063005 16.1593206541 1.33937469866 1.73533193848 2.00702109249 25.1320346609 5.62917992545 -11.9074507136 -0.014108086368 -0.158041823912 84.2418268731 4.73340662832 0.795299413346 0.05
2 38 4.92592275243 -12.2227092496 -5.53664014984 5.62917992545 -11.9074507136 -0.014108086368 -0.158041823912 8.41157968439 -4.65970100048 -27.0559576758 -1.74029888215 -2.70142438663 9.29893800904 2.09075360462 0.357646528436 0.05
2 39 4.83663562203 -12.255892452 -5.05926055421 -4.65970100048 -27.0559576758 -1.74029888215 -2.70142438663 5.52462257176 11.8427072027 -0.816836868014 1.39324482281 2.2765299389 5.92399205992 5.79867991151 1.13508152307 0.05
2 40 4.44961968622 -12.2545179937 -4.89981113631 11.8427072027 -0.816836868014 1.39324482281 2.2765299389 3.21413286656 3.86861703661 -7.44449026453 -0.147206309631 0.97822684797 4.21234538331 3.50164343948 0.698724075485 0.05
2 41 3.84811851601 -12.7846757832 -4.94165399568 3.86861703661 -7.44449026453 -0.147206309631 0.97822684797 9.53534398274 -0.235364874851 -10.9855859032 -0.922272956118 0.301465712458 25.5573743041 3.61358421521 0.72578373977 0.05
2 42 3.50392058763 -13.2048984407 -5.31582242633 -0.235364874851 -10.9855859032 -0.922272956118 0.301465712458 8.78553687638 14.6198037427 -3.41991225499 2.06613966735 1.82727841204 9.92096156061 2.28087848059 0.449987069044 0.05
2 43 3.66601393639 -13.261702026 -5.94241423896 14.6198037427 -3.41991225499 2.06613966735 1.82727841204 1.28542213453 -8.45401181781 -21.8693184614 -2.03705036572 -1.44750004752 1.2984981246 5.16280706384 0.87901371666 0.05
2 44 3.61295482044 -13.4604579472 -6.3993830142 -8.45401181781 -21.8693184614 -2.03705036572 -1.44750004752 2.87561192789 15.55814364 -2.59814975487 1.86168871392 1.69207258479 2.98341632384 8.98039267339 1.41001665274 0.05
2 45 3.54382769539 -13.7152101552 -6.81287935373 15.55814364 -2.59814975487 1.86168871392 1.69207258479 0.27439502909 0.948532078154 -12.2357539086 -0.379724378408 0.217161670494 0.277822399463 7.2667721136 1.07516134777 0.05
2 46 3.85184467349 -13.8630915353 -7.22368834525 0.948532078154 -12.2357539086 -0.379724378408 0.217161670494 0.10993930836 -1.34091671748 -11.4784169853 -0.717161991714 0.329056343538 0.120334019995 4.82286527275 0.676029294441 0.05
2 47 4.00776701637 -13.643553894 -7.27870649687 -1.34091671748 -11.4784169853 -0.717161991714 0.329056343538 0.79882956631 -0.487648313247 -10.1257399498 -0.611438717223 0.494738948815 1.24626741131 9.67337764384 1.32634110628 0.05
