# segID k x0 y0 z0 p1p p2p p3p p4p chi2p p1f p2f p3f p4f chi2f cfxy cftxy
0 0 0.140097621365 0.0788526387243 -9.66605925105 0.0 0.0 0.0 0.0 0.0 -2.35072492101 1.16235930373 -0.249082254237 0.108350666501 1000000.0 1.04316051778 0.104316051778 0.05
0 1 -0.00974805302983 0.0383778048708 -9.0108753253 -2.35072492101 1.16235930373 -0.249082254237 0.108350666501 0.363977177659 -1.90808431881 0.51453902387 -0.204085162955 0.0424958214577 0.974753954238 1.18818344554 0.123721941433 0.05
0 2 -0.126031362671 0.327560035628 -8.37341174736 -1.90808431881 0.51453902387 -0.204085162955 0.0424958214577 0.417133096141 -1.57639133718 1.27804158529 -0.169370711925 0.122376728171 0.744310445097 1.11572037634 0.123725092482 0.05
0 3 -0.381163241805 0.251814298645 -7.74096161351 -1.57639133718 1.27804158529 -0.169370711925 0.122376728171 0.235001642005 -2.04951794058 0.960112829163 -0.221422249909 0.0874240986516 0.389049062614 1.05576017228 0.126813502902 0.05
0 4 -0.555783317631 0.49876261918 -7.10500445134 -2.04951794058 0.960112829163 -0.221422249909 0.0874240986516 0.378900588448 -2.35623316154 1.56520377978 -0.257724175492 0.158893443471 0.621265167142 1.01249719858 0.132450160014 0.05
0 5 -0.512894038196 0.65189384068 -6.49389467073 -2.35623316154 1.56520377978 -0.257724175492 0.158893443471 0.512370749527 -1.7521025894 1.97901662491 -0.180518041747 0.211642794248 0.848132345517 0.957123803571 0.136505498678 0.05
0 6 -0.292896226258 1.38132822945 -6.02287963424 -1.7521025894 1.97901662491 -0.180518041747 0.211642794248 7.37434122179 -0.611953444832 4.06135210645 -0.0253810216138 0.495196898518 13.3302358567 0.863428457298 0.132007994753 0.05
0 7 -0.119177106119 1.80027588794 -5.71665979174 -0.611953444832 4.06135210645 -0.0253810216138 0.495196898518 5.55199890134 0.296548624799 5.57215804587 0.104855080598 0.71240984426 11.7608959718 0.826373337102 0.133871931931 0.05
0 8 0.171815757583 2.34080833775 -5.46052111359 0.296548624799 5.57215804587 0.104855080598 0.71240984426 7.74367458263 1.39565218671 7.27293082083 0.271629572687 0.972716593483 18.3060231992 0.85932241453 0.147145446044 0.05
0 9 0.568901282477 2.72430846408 -5.15852906927 1.39565218671 7.27293082083 0.271629572687 0.972716593483 6.77451204651 3.02694968312 8.84578803439 0.539628668734 1.23674824848 15.4131587725 0.996432051205 0.182009242479 0.05
0 10 1.36053189177 2.9173367145 -4.84558455609 3.02694968312 8.84578803439 0.539628668734 1.23674824848 11.2348228489 5.98130624603 9.39051301758 1.05833017486 1.34049807779 24.1352109564 1.113633304 0.217335471127 0.05
0 11 1.73106308967 3.13865096265 -4.44937352498 5.98130624603 9.39051301758 1.05833017486 1.34049807779 3.60018385386 7.86234139907 8.31418869976 1.4233133509 1.1358277567 6.37375073646 1.39044873793 0.295954226262 0.05
0 12 2.15856180701 3.53963049312 -3.97704883977 7.86234139907 8.31418869976 1.4233133509 1.1358277567 0.612362964536 7.40021904513 6.99483009058 1.3187682515 0.852651668026 0.818698466418 1.32071524815 0.313944015175 0.05
0 13 2.54856786289 3.95208936969 -3.5180518985 7.40021904513 6.99483009058 1.3187682515 0.852651668026 0.409972620878 6.36372146557 6.6314820653 1.06995707019 0.761732252031 0.539975897673 1.11483378089 0.295374519081 0.05
0 14 2.6557730268 4.31614325474 -2.9811159736 6.36372146557 6.6314820653 1.06995707019 0.761732252031 2.21591206067 4.32490671356 6.20546361033 0.522805471572 0.638221097829 2.8362510574 0.868970762096 0.264744251194 0.05
0 15 2.9339565296 4.6796604512 -2.38951117088 4.32490671356 6.20546361033 0.522805471572 0.638221097829 0.17409858221 3.93118390541 6.16840272897 0.403954043624 0.625031265901 0.226358523093 0.596396903459 0.214255815527 0.05
0 16 3.09373852603 4.98762196305 -1.79267650497 3.93118390541 6.16840272897 0.403954043624 0.625031265901 0.154629284112 3.69608827859 6.03122104084 0.319752762235 0.574464419981 0.206556964658 0.443293938971 0.201210548252 0.05
0 17 3.01053972156 4.85479040995 -1.16263828911 3.69608827859 6.03122104084 0.319752762235 0.574464419981 3.41515304553 3.18540821098 5.20878052932 0.0823511731478 0.190822367224 4.60113522654 0.316045628306 0.197204358828 0.05
0 18 3.08733278363 4.84446844748 -0.491883606236 3.18540821098 5.20878052932 0.0823511731478 0.190822367224 0.73708405731 3.11942008062 4.92018745128 0.0396598575411 0.0093588879127 0.997866811619 0.186697106967 0.175446166346 0.05
0 19 2.79057635182 4.92782949777 0.202624906213 3.11942008062 4.92018745128 0.0396598575411 0.0093588879127 1.16104848606 2.92057372691 4.92208523532 -0.16475409929 0.0113060377955 1.62835890756 0.102829743727 0.16998572013 0.05
0 20 2.92084558633 5.36368913807 0.884404161665 2.92057372691 4.92208523532 -0.16475409929 0.0113060377955 2.16680992164 2.94631467475 4.99827570053 -0.077477062522 0.268164110775 3.08186067726 0.127187530966 0.172367217734 0.05
0 21 2.85456542738 5.75400602643 1.36591157864 2.94631467475 4.99827570053 -0.077477062522 0.268164110775 1.78872928665 2.94533993805 4.95652356553 -0.0703186630998 0.475534825996 2.88449074898 0.182786834308 0.163929239635 0.05
0 22 3.07198667989 6.40786265364 1.49113416677 2.94533993805 4.95652356553 -0.0703186630998 0.475534825996 7.4349422807 2.91198888969 4.84537247364 0.0198229134692 0.767377896581 17.0313430485 0.195387570246 0.154241928801 0.05
0 23 3.42925240707 7.0147758546 1.55176867225 2.91198888969 4.84537247364 0.0198229134692 0.767377896581 13.2244034326 2.81514727372 4.61923772371 0.185696046421 1.12201935412 39.9500182165 0.257406371769 0.184001904012 0.05
1 24 3.93408368037 7.45235110406 1.71970653961 2.81514727372 4.61923772371 0.185696046421 1.12201935412 16.2379635465 2.46395629369 4.094505189 0.54351229564 1.60602062204 48.3315907259 0.349313442856 0.224202807458 0.05
1 25 3.80412056306 8.20394675201 1.9265928667 2.46395629369 4.094505189 0.54351229564 1.60602062204 13.8351196324 1.90379503634 2.13812959977 0.900964551073 2.86092836525 30.5329883862 0.624572649028 0.350547272869 0.05
1 26 3.68114119643 8.73864830158 2.07684511234 1.90379503634 2.13812959977 0.900964551073 2.86092836525 5.5005260894 1.79737501451 0.71514161237 0.942264872371 3.7032607677 11.2929760194 0.813346412962 0.414038020821 0.05
1 27 3.21727234827 9.50419450585 2.32466646243 1.79737501451 0.71514161237 0.942264872371 3.7032607677 6.99122654298 4.90079364805 0.0315390462167 -0.613109161298 4.04658607204 10.5415774855 1.33300086811 0.614201731333 0.05
1 28 2.88432408758 9.5850887284 2.7637053421 4.90079364805 0.0315390462167 -0.613109161298 4.04658607204 5.50245716814 5.13862121229 13.4883572495 -0.795529039295 -1.39037803712 5.84158444397 2.43202474542 0.900398148185 0.05
1 29 2.15925047955 9.99403587163 3.20783999705 5.13862121229 13.4883572495 -0.795529039295 -1.39037803712 3.07823815709 6.80657503269 8.49331629071 -1.43273171452 0.453509491006 3.31557683898 1.33097122324 0.43797408049 0.05
1 30 1.463846135 10.0703202092 3.66867725597 6.80657503269 8.49331629071 -1.43273171452 0.453509491006 0.0994182706056 7.20867265027 8.83760018975 -1.56194308069 0.339474254124 0.118086425259 1.43240110911 0.40848957211 0.05
1 31 0.882049583676 10.0007501171 4.05437162784 7.20867265027 8.83760018975 -1.56194308069 0.339474254124 0.431669255863 7.07322621721 9.65897198376 -1.52658870749 0.0977369879016 0.580259609533 1.65472218561 0.423061921488 0.05
1 32 0.240126049909 9.92592880377 4.42988532752 7.07322621721 9.65897198376 -1.52658870749 0.0977369879016 0.320150821667 7.55969310405 10.4322071034 -1.64883550919 -0.103799331233 0.439954363973 1.85524460917 0.434405934281 0.05
1 33 -0.371499989625 10.1233268075 4.7005592918 7.55969310405 10.4322071034 -1.64883550919 -0.103799331233 0.671438618561 8.69872902231 9.64915302018 -1.91977938136 0.0878486064174 0.965618233187 1.72853178162 0.381226745735 0.05
1 34 -1.17854492808 10.2279771268 4.97903544431 8.69872902231 9.64915302018 -1.91977938136 0.0878486064174 0.902318941172 12.70451046 8.5978817203 -2.7778988832 0.318780746632 1.12838488631 2.52546431716 0.5230489974 0.05
1 35 -1.42945051979 10.7261010516 5.39251776173 12.70451046 8.5978817203 -2.7778988832 0.318780746632 4.15180922208 -0.40410848908 5.89578042568 -0.203125257987 0.879066984138 4.80133785302 4.33663361856 0.81496753367 0.05
1 36 -1.1861447809 10.9273374464 5.94505102406 -0.40410848908 5.89578042568 -0.203125257987 0.879066984138 0.496964975768 -4.01888329315 7.52360348743 0.473583636189 0.575260580943 0.525013403753 2.05880001495 0.36023088242 0.05
1 37 -1.2066527381 10.9123606193 6.59467030425 -4.01888329315 7.52360348743 0.473583636189 0.575260580943 1.53202827778 -1.93863644447 10.3189671526 0.117577123552 0.0982116537764 1.77351643113 2.22691858181 0.346998725147 0.05
1 38 -1.40013136483 10.5083675138 6.98082652216 -1.93863644447 10.3189671526 0.117577123552 0.0982116537764 3.15628181448 -0.0174970863338 13.5494166285 -0.187651655451 -0.416831157857 4.28130806682 1.93989915001 0.287405458944 0.05
1 39 -1.59916993342 9.94440195841 7.12545582731 -0.0174970863338 13.5494166285 -0.187651655451 -0.416831157857 5.76460331739 1.3498907979 16.8108678296 -0.398178039354 -0.921643438757 10.8703539535 1.91040884475 0.275722381324 0.05
1 40 -1.44963292389 9.31967964812 7.08265034533 1.3498907979 16.8108678296 -0.398178039354 -0.921643438757 10.4079845077 0.918879666806 16.6634481497 -0.337263728896 -0.947004043701 30.6831056852 3.06151438173 0.432721669833 0.05
1 41 -1.10476861314 9.19009308282 6.86040165243 0.918879666806 16.6634481497 -0.337263728896 -0.947004043701 12.8010730954 2.43924627023 2.91892274101 -0.545854860878 0.982683264422 25.8817688907 3.74391067897 0.535891757738 0.05
1 42 -0.567716005865 9.29160255882 6.90391345873 2.43924627023 2.91892274101 -0.545854860878 0.982683264422 9.11747015319 -5.20831533115 10.6011832393 0.618992264249 -0.16994075806 16.7859200746 5.5850357496 0.813972161712 0.05
1 43 0.0807688688855 9.26510984483 7.02930017487 -5.20831533115 10.6011832393 0.618992264249 -0.16994075806 10.9615642129 -17.7882249946 13.6967905862 2.48298235222 -0.628000662143 19.6029147776 4.91992013205 0.708579261158 0.05
1 44 0.640161986398 9.58254177401 7.0208439876 -17.7882249946 13.6967905862 2.48298235222 -0.628000662143 13.1006406326 -48.6448427027 14.7460123921 6.94143289233 -0.76637211474 30.5982499994 9.21055294658 1.3191724741 0.05
1 45 0.473205562781 9.90999816704 7.07594005149 -48.6448427027 14.7460123921 6.94143289233 -0.76637211474 4.18006274285 -45.809487235 3.79160629165 6.53710865772 0.817215836817 9.85399289875 24.5733414045 3.47726988313 0.05
1 46 0.375341327461 10.0933390043 7.21778133937 -45.809487235 3.79160629165 6.53710865772 0.817215836817 0.640718550824 5.53009811661 -15.020691497 -0.713627048834 3.47622700273 0.668840608472 9.21875373316 1.2923419342 0.05
1 47 -0.283011797889 9.76803826173 7.30199765238 5.53009811661 -15.020691497 -0.713627048834 3.47622700273 5.29900692931 18.8911452963 -54.9797250622 -2.60560790417 8.87733291723 6.67193694301 29.6315322697 4.05427010713 0.05
