# segID k x0 y0 z0 p1p p2p p3p p4p chi2p p1f p2f p3f p4f chi2f cfxy cftxy
0 0 0.0846551827041 0.0275392522651 -9.66605925105 0.0 0.0 0.0 0.0 0.0 -2.07142312713 3.502584074 -0.215607830984 0.347504482173 1000000.0 1.11185182382 0.111185182382 0.05
0 1 -0.0134661399804 0.183480681317 -9.03374467828 -2.07142312713 3.502584074 -0.215607830984 0.347504482173 0.535294768556 -1.53632222512 2.63041249852 -0.161298481849 0.258984596635 1.32729347357 1.23284993368 0.128253284778 0.05
0 2 -0.107703553443 0.350869427143 -8.42875084678 -1.53632222512 2.63041249852 -0.161298481849 0.258984596635 0.172043619725 -1.20475290283 2.16373906932 -0.126680035578 0.210258043006 0.297602673294 1.15266618576 0.127308510992 0.05
0 3 -0.374344861724 0.759658272837 -7.81144813717 -1.20475290283 2.16373906932 -0.126680035578 0.210258043006 0.975575697132 -1.87949549956 3.17634502325 -0.200611971907 0.321221947853 1.5952906606 1.07921309599 0.128608869906 0.05
0 4 -0.23662961751 0.974305355965 -7.20162637301 -1.87949549956 3.17634502325 -0.200611971907 0.321221947853 0.619542028405 -1.12408131231 3.59926049139 -0.112237077495 0.370680627793 1.03210203121 1.04824009371 0.135768769319 0.05
0 5 -0.531059239169 1.421846433 -6.64725470467 -1.12408131231 3.59926049139 -0.112237077495 0.370680627793 1.27446653404 -1.68757301035 4.65575165911 -0.183352417466 0.504086354878 2.15149145941 0.991098638942 0.138670217384 0.05
0 6 -0.933296218457 1.67653654794 -6.14462873143 -1.68757301035 4.65575165911 -0.183352417466 0.504086354878 1.87044406203 -2.95871832206 5.10255041206 -0.355812545093 0.565487166961 3.28366728464 0.975399427309 0.147735498683 0.05
0 7 -1.36713724085 1.53777884831 -5.6472241496 -2.95871832206 5.10255041206 -0.355812545093 0.565487166961 3.83096454506 -4.32369491523 3.82254400548 -0.555809163094 0.3766374702 6.73637688993 0.971997172287 0.160025722407 0.05
0 8 -1.84656527015 1.4594212445 -5.18898885119 -4.32369491523 3.82254400548 -0.555809163094 0.3766374702 4.09144855235 -5.58488464511 2.50915575314 -0.755211543873 0.168416168732 7.26554721577 0.911252045814 0.162236813116 0.05
0 9 -2.49299718914 1.49207875546 -4.89512462316 -5.58488464511 2.50915575314 -0.755211543873 0.168416168732 5.03646169301 -7.25749848464 2.0625755435 -1.03584397792 0.0956831833386 10.242215102 0.81923426587 0.154073403637 0.05
0 10 -3.40928007413 1.42462990156 -4.72064387181 -7.25749848464 2.0625755435 -1.03584397792 0.0956831833386 13.5483651423 -9.84477682538 1.75953549407 -1.49292786706 0.0459192989751 32.978525237 0.847273154114 0.168040555536 0.05
0 11 -3.66920552603 1.34773822089 -4.59364730975 -9.84477682538 1.75953549407 -1.49292786706 0.0459192989751 5.77008283409 -11.4363364092 1.42247609574 -1.78675215512 -0.013232596024 16.3938812363 0.875010273954 0.180123980174 0.05
1 12 -4.4758341793 0.832318854362 -4.55492297493 -11.4363364092 1.42247609574 -1.78675215512 -0.013232596024 18.1173346374 -13.7077163497 0.447179717919 -2.21306505086 -0.189273227855 65.4872152447 0.822677996789 0.171485188897 0.05
2 13 -4.65005556219 0.246807230025 -4.57759759029 -13.7077163497 0.447179717919 -2.21306505086 -0.189273227855 18.7774359887 -15.0090555934 -0.753767255316 -2.44848053381 -0.403810871516 90.7784484802 1.00125622515 0.213769076164 0.05
3 14 -4.70757486467 -0.470871212043 -4.7199713221 -15.0090555934 -0.753767255316 -2.44848053381 -0.403810871516 36.6854024231 -6.08428371823 1.50187337265 -0.474335967646 0.137196639211 161.655109096 1.97650397323 0.426249384521 0.05
4 15 -5.18152839124 -0.835092892762 -4.96541322745 -6.08428371823 1.50187337265 -0.474335967646 0.137196639211 53.8303459466 6.73973187437 7.94862962508 2.31298124198 1.55626025714 119.133438875 1.43455375216 0.305046765623 0.05
4 16 -5.54967005555 -1.52475763995 -5.28052328066 6.73973187437 7.94862962508 2.31298124198 1.55626025714 18.3589778106 12.0655653579 18.0421879381 3.34903964357 3.61117630381 31.0025607369 2.52422858233 0.491456344786 0.05
4 17 -5.82870849981 -1.91290154372 -5.67576976121 12.0655653579 18.0421879381 3.34903964357 3.61117630381 4.38115249982 -6.67301257407 3.44769734862 -0.129934157437 0.938356768494 5.01197167238 4.55010020675 0.813318680141 0.05
4 18 -6.29441748943 -2.24374088406 -6.10109731195 -6.67301257407 3.44769734862 -0.129934157437 0.938356768494 1.06717021559 -3.31192164522 3.7541931362 0.478993961701 0.988264942743 1.29763562352 1.9240146204 0.330248708179 0.05
4 19 -6.87463509592 -2.65279524875 -6.47577248546 -3.31192164522 3.7541931362 0.478993961701 0.988264942743 2.08458907547 -0.775677999961 4.04711299281 0.922531779812 1.03660158092 2.87228463473 1.58168718232 0.255816134614 0.05
4 20 -7.17548940055 -2.91116016758 -6.86539163637 -0.775677999961 4.04711299281 0.922531779812 1.03660158092 0.32221221773 -0.55246892342 3.08333747841 0.960909132827 0.88037330507 0.479076904072 1.96855317053 0.296359842363 0.05
4 21 -7.27202812357 -3.54144472468 -7.331321557 -0.55246892342 3.08333747841 0.960909132827 0.88037330507 1.43237024437 -2.56003098742 3.84470737759 0.655915481763 0.999502132222 2.07120545787 2.06971705995 0.291662060177 0.05
4 22 -7.48858761351 -4.17685720289 -7.62952188849 -2.56003098742 3.84470737759 0.655915481763 0.999502132222 1.90940802589 -2.61203761901 6.08220589368 0.644740282782 1.32513055154 3.10907677305 1.83115725899 0.248710204002 0.05
4 23 -7.71581526462 -4.63421903323 -8.06126089141 -2.61203761901 6.08220589368 0.644740282782 1.32513055154 0.103039795256 -3.37682477726 6.31987699168 0.541583712209 1.35735892749 0.146391177398 2.46534706886 0.316087016803 0.05
4 24 -7.57629022178 -5.00384998488 -8.67032079233 -3.37682477726 6.31987699168 0.541583712209 1.35735892749 2.94220842505 -7.44791344835 1.80985951247 0.0251763178458 0.79250796114 3.51222188027 2.78255324653 0.328053825059 0.05
4 25 -7.46038554847 -5.34310297893 -9.13933108053 -7.44791344835 1.80985951247 0.0251763178458 0.79250796114 0.518062146211 -9.07695822621 0.828409336947 -0.170493516185 0.676802560315 0.698264442622 2.35399787768 0.265390089105 0.05
4 26 -7.38838129376 -6.05194266989 -9.49859146678 -9.07695822621 0.828409336947 -0.170493516185 0.676802560315 2.28910269043 -9.3864644141 4.31654642877 -0.206950448081 1.07623550086 3.40382571071 2.15155166266 0.233644152613 0.05
4 27 -7.29035714124 -6.7616727438 -9.84596267576 -9.3864644141 4.31654642877 -0.206950448081 1.07623550086 2.65036848236 -9.99040138841 9.14751460955 -0.271833152376 1.59909149544 4.03271069564 2.81150497864 0.292056775632 0.05
4 28 -7.24834976843 -7.4534543241 -10.1126302907 -9.99040138841 9.14751460955 -0.271833152376 1.59909149544 2.18224195096 -10.1411804781 13.3057052106 -0.286694911345 2.03655237304 3.53333543203 2.96718780948 0.299179669017 0.05
4 29 -7.30511647249 -7.97331002962 -10.3773804729 -10.1411804781 13.3057052106 -0.286694911345 2.03655237304 0.439281836937 -8.69496820407 16.6233392409 -0.13962240373 2.36656116023 0.685690387272 4.96932646741 0.486099292781 0.05
4 30 -7.53069046865 -8.55556020948 -10.8802567296 -8.69496820407 16.6233392409 -0.13962240373 2.36656116023 1.69180789298 -2.85362362034 2.78680289591 0.424648171964 1.04535827509 1.90234714783 5.80425276486 0.539882096967 0.05
4 31 -7.87653554991 -8.96825890333 -11.2252607161 -2.85362362034 2.78680289591 0.424648171964 1.04535827509 0.644153106219 0.131639457612 3.09579090358 0.70733780451 1.07429867347 0.877331554327 3.68790715357 0.335640474391 0.05
4 32 -8.65728770364 -9.2524934718 -11.0746790473 0.131639457612 3.09579090358 0.70733780451 1.07429867347 13.8012186214 -7.00223473812 -4.68773441903 0.102332752339 0.394719119236 29.2820285912 5.65666822503 0.508540139431 0.05
4 33 -9.08359503063 -9.76284225312 -10.7980391106 -7.00223473812 -4.68773441903 0.102332752339 0.394719119236 17.3997405914 -22.8805221593 -21.3137467105 -1.31088976817 -1.08916520637 26.0157706969 4.14374964009 0.376410690342 0.05
4 34 -9.72460188208 -10.4073429624 -10.9921860322 -22.8805221593 -21.3137467105 -1.31088976817 -1.08916520637 23.7743030453 11.9079229543 7.79027774359 1.94223215511 1.63328337039 30.7662284812 6.4534839808 0.593134372774 0.05
4 35 -9.77611185762 -10.4331002146 -11.5764130722 11.9079229543 7.79027774359 1.94223215511 1.63328337039 1.59270095299 -10.1962108415 -11.0291891241 -0.0342243830127 -0.0497616300955 1.64132504036 7.34599297604 0.64013995741 0.05
4 36 -10.2162603136 -11.1555753413 -11.9760942485 -10.1962108415 -11.0291891241 -0.0342243830127 -0.0497616300955 3.78351340838 -1.00564402231 1.62477360956 0.766330392309 1.05874924052 4.34457363558 3.89867573679 0.332657676075 0.05
4 37 -10.1904485894 -11.785493628 -12.0215186777 -1.00564402231 1.62477360956 0.766330392309 1.05874924052 5.82378056592 -0.470938900829 7.64321844244 0.810642602642 1.58735777004 11.8514988054 4.2738776891 0.359173060043 0.05
4 38 -10.4773548666 -12.3959590876 -12.1949996524 -0.470938900829 7.64321844244 0.810642602642 1.58735777004 4.09616276992 7.27437514454 32.243357623 1.45659118944 3.64733776889 5.38320191997 6.87284448095 0.570847366994 0.05
4 39 -10.8681385562 -13.0190952778 -12.6155280524 7.27437514454 32.243357623 1.45659118944 3.64733776889 0.527531010072 -6.34989002405 -7.28142715463 0.357950250292 0.456011014555 0.539326385945 12.9132537717 1.02885685011 0.05
4 40 -11.1936069693 -13.3498611119 -12.5959466018 -6.34989002405 -7.28142715463 0.357950250292 0.456011014555 2.65181064391 -6.36767087425 -6.75803874556 0.371739158471 0.512658743331 4.58501741397 13.9894345156 1.11082639078 0.05
4 41 -11.1787278516 -13.5237722631 -12.0680371026 -6.36767087425 -6.75803874556 0.371739158471 0.512658743331 0.770363752705 -13.9871502548 -20.4543116828 -0.233899899855 -0.575913828554 0.799802004687 5.0652241245 0.412235205953 0.05
4 42 -10.7741788313 -13.2858618226 -11.5683797231 -13.9871502548 -20.4543116828 -0.233899899855 -0.575913828554 3.27908519693 -5.65523811739 -11.7379332038 0.449246631516 0.140227023178 3.85998997614 5.07354274416 0.433112120497 0.05
4 43 -10.3724245557 -12.9508434811 -11.4882336144 -5.65523811739 -11.7379332038 0.449246631516 0.140227023178 4.38642762002 -3.04683712967 -8.6847335332 0.654847078071 0.386653450278 7.88198168904 6.58667539399 0.571679539275 0.05
4 44 -10.1308138453 -12.4985194457 -11.3827880653 -3.04683712967 -8.6847335332 0.654847078071 0.386653450278 4.76095798926 10.0862103042 9.90993218705 1.78369590183 1.98347385444 6.56251144889 7.66293215194 0.666084147285 0.05
4 45 -10.246594003 -12.2380543532 -10.9158418346 10.0862103042 9.90993218705 1.78369590183 1.98347385444 0.662563332816 -25.1908767403 -13.8599909108 -1.37066703322 -0.148274342497 0.67880810609 11.3806443558 1.03641576435 0.05
4 46 -10.0935131182 -12.0236564843 -10.5793716775 -25.1908767403 -13.8599909108 -1.37066703322 -0.148274342497 1.55118170992 -6.20558896065 -6.20190406961 0.372179361218 0.55177197495 1.68593601044 11.4689998919 1.07939880679 0.05
4 47 -9.98080073534 -11.7452558223 -10.6204956353 -6.20558896065 -6.20190406961 0.372179361218 0.55177197495 1.30704246574 -13.5195807954 -17.5690956543 -0.32883564543 -0.540119806628 1.79741999024 15.251148294 1.44030077868 0.05
