# segID k x0 y0 z0 p1p p2p p3p p4p chi2p p1f p2f p3f p4f chi2f cfxy cftxy
0 0 -0.139167701817 -0.124115463088 -9.66605925105 0.0 0.0 0.0 0.0 0.0 -0.478563187912 -0.257989964451 -0.0339395486095 -0.0133874501364 1000000.0 0.989600512382 0.0989600512382 0.05
0 1 -0.0228253984775 -0.153715737958 -8.99845048197 -0.478563187912 -0.257989964451 -0.0339395486095 -0.0133874501364 0.261397482065 0.151419689628 -0.325618329413 0.0301571231487 -0.0202681976377 0.738525745568 1.14873540922 0.119644280382 0.05
0 2 -0.104589741356 0.0658510657896 -8.34023185932 0.151419689628 -0.325618329413 0.0301571231487 -0.0202681976377 0.609441625298 0.131454382987 0.664412445726 0.0280638116025 0.0834731322539 1.08615998576 1.08758174554 0.120855617887 0.05
0 3 -0.305703893095 -0.281783815263 -7.68428995948 0.131454382987 0.664412445726 0.0280638116025 0.0834731322539 1.69235391798 -0.756085862707 -0.557315462213 -0.0699250494577 -0.0514246102704 2.78586932005 1.0337103946 0.124850805342 0.05
0 4 -0.491855418706 0.0365525769053 -7.01926603629 -0.756085862707 -0.557315462213 -0.0699250494577 -0.0514246102704 1.24891954272 -1.59822206484 0.308916886202 -0.170020611687 0.0515433318004 2.02773760688 0.983496879211 0.129850996067 0.05
0 5 -0.329891319578 -0.101369279314 -6.35973773168 -1.59822206484 0.308916886202 -0.170020611687 0.0515433318004 0.492406758311 -0.940995031274 0.0197941867098 -0.0849075481435 0.0141156737162 0.794537884797 0.92623269482 0.134343329075 0.05
0 6 -0.576048080168 -0.373454664856 -5.69108922786 -0.940995031274 0.0197941867098 -0.0849075481435 0.0141156737162 1.30444709662 -1.33285255851 -1.01477338268 -0.140661942406 -0.133044113421 2.07102669566 0.853483738013 0.137058195203 0.05
0 7 -0.751627848619 -0.158255803763 -5.00628454903 -1.33285255851 -1.01477338268 -0.140661942406 -0.133044113421 0.590287007411 -1.70905958781 -0.432895585201 -0.200008235 -0.0412449817742 0.918759791815 0.775155471807 0.139998372074 0.05
0 8 -0.240884410886 -0.223401130202 -4.36088716689 -1.70905958781 -0.432895585201 -0.200008235 -0.0412449817742 4.12780095067 -0.0821172605664 -0.346770258693 0.0863396467097 -0.0258958417305 6.50401073798 0.68777871884 0.140760875569 0.05
0 9 -0.20745126354 0.12360384566 -3.76272744185 -0.0821172605664 -0.346770258693 0.0863396467097 -0.0258958417305 2.11203041917 0.404316743636 0.553930216882 0.18274270166 0.152304189739 3.4185560858 0.607400546561 0.141752552543 0.05
0 10 -0.00881476477888 0.0442763290249 -3.16689476021 0.404316743636 0.553930216882 0.18274270166 0.152304189739 0.332755556024 0.766310001288 0.495673529215 0.264767194211 0.139188047496 0.539133686425 0.538456616434 0.14640786606 0.05
0 11 -0.494907920165 0.248461595865 -2.52081696718 0.766310001288 0.495673529215 0.264767194211 0.139188047496 4.16304773421 -0.416573354042 0.691770169744 -0.0526253722891 0.190916786919 6.46099989014 0.464346621491 0.153140872388 0.05
0 12 -0.79405837536 0.0577938325444 -1.86349878001 -0.416573354042 0.691770169744 -0.0526253722891 0.190916786919 3.40142377588 -1.20235247068 0.231398377476 -0.305648274306 0.0425544043878 5.14666988998 0.362766424099 0.150840755052 0.05
0 13 -0.863538055654 0.17522318499 -1.25233994503 -1.20235247068 0.231398377476 -0.305648274306 0.0425544043878 0.0222426400058 -1.25980991218 0.227650791084 -0.3289158425 0.0410698071407 0.0345265998459 0.277704445236 0.155384561511 0.05
0 14 -0.970335665227 0.463268090859 -0.659309405532 -1.25980991218 0.227650791084 -0.3289158425 0.0410698071407 0.858892023909 -1.1874322444 0.487559245837 -0.289548011687 0.181579799991 1.34850770803 0.195566012445 0.160083967839 0.05
0 15 -0.888969361075 0.817807972142 -0.147803865305 -1.1874322444 0.487559245837 -0.289548011687 0.181579799991 2.2994218535 -1.01122165204 0.730914801275 -0.154792291338 0.36506444768 3.78512712688 0.125874849901 0.158169636261 0.05
0 16 -0.477920544026 1.33136311679 0.219243263794 -1.01122165204 0.730914801275 -0.154792291338 0.36506444768 7.36322539359 -0.764551183302 0.955339208565 0.120004241692 0.612273354834 13.6746140653 0.0878603223827 0.156978987729 0.05
0 17 -0.0235833774831 1.93098635127 0.400113848954 -0.764551183302 0.955339208565 0.120004241692 0.612273354834 12.4186711839 -0.577300671738 1.15105615896 0.396781366797 0.904165792409 28.9612529166 0.0742925695437 0.145808299439 0.05
1 18 0.314411046044 2.58738622218 0.36474082372 -0.577300671738 1.15105615896 0.396781366797 0.904165792409 18.2772454891 -0.424235416942 1.37925751469 0.567563819338 1.15209908028 63.4491137123 0.0795718768093 0.173826256176 0.05
2 19 0.468357815818 3.1639210971 0.201787302936 -0.424235416942 1.37925751469 0.567563819338 1.15209908028 25.664028568 -0.228089945723 1.77839132251 0.429156072349 0.85083149146 117.930565178 0.0861544043722 0.239714571402 0.05
3 20 0.513093532773 4.0200212301 0.15374784464 -0.228089945723 1.77839132251 0.429156072349 0.85083149146 38.8278584245 -0.0546273712918 2.2784678729 0.203795579441 0.289035270952 197.223384026 0.0797970405982 0.253374996383 0.05
4 21 0.225307572 4.46202636353 0.282428861804 -0.0546273712918 2.2784678729 0.203795579441 0.289035270952 30.5111767961 -0.0366921895324 2.48807632001 0.283241593312 0.760245795413 186.912787042 0.0798648001534 0.263477171964 0.05
5 22 -0.0100536560051 5.27882926672 0.457530930477 -0.0366921895324 2.48807632001 0.283241593312 0.760245795413 58.7513259564 -0.0988079884818 2.33066187055 0.451593053772 2.54693747911 218.376246442 0.0908085664031 0.268563387 0.05
5 23 -0.00856949974764 5.91051851109 0.758404861642 -0.0988079884818 2.33066187055 0.451593053772 2.54693747911 26.1763693117 -0.258181953842 0.0203367046072 0.591691936565 7.21747989208 36.8288619889 0.296423597997 0.491777231407 0.05
5 24 -0.312961869257 6.49122313484 1.139712037 -0.258181953842 0.0203367046072 0.591691936565 7.21747989208 5.00684756115 1.54492223535 8.94481715585 -1.51991977996 -2.14055946448 5.80554353974 1.25179404376 1.15177277075 0.05
5 25 -0.574657259736 6.82701300983 1.66126829506 1.54492223535 8.94481715585 -1.51991977996 -2.14055946448 2.27019526152 0.410031188939 5.68874433955 -0.599857263295 0.667777271265 2.31899273131 0.769950768357 0.502253154648 0.05
5 26 -0.441261849243 6.86124885708 2.34325513207 0.410031188939 5.68874433955 -0.599857263295 0.667777271265 2.53016158453 -0.445165601004 6.28938341574 -0.0277805385118 0.265388356103 2.8932519419 0.588132384586 0.279810546824 0.05
5 27 -0.544288453282 6.54585627863 3.03053538407 -0.445165601004 6.28938341574 -0.0277805385118 0.265388356103 2.18629075855 -0.45567605137 7.2291308401 -0.0281274261958 -0.19349340996 2.65620325179 0.595423002684 0.218495873222 0.05
5 28 -0.641196407691 6.27458157537 3.65952527781 -0.45567605137 7.2291308401 -0.0281274261958 -0.19349340996 0.63966668202 -0.307843305213 7.69504547814 -0.0850509164745 -0.371168313071 0.857321562438 0.697723766383 0.207534981207 0.05
5 29 -0.775819850875 5.72485635255 4.29967740182 -0.307843305213 7.69504547814 -0.0850509164745 -0.371168313071 1.41440889605 -0.0234557484646 8.74362897482 -0.168870015107 -0.680300406097 1.88792196791 0.915018367025 0.22807598966 0.05
5 30 -1.20361614967 5.78432193292 4.9706730131 -0.0234557484646 8.74362897482 -0.168870015107 -0.680300406097 2.60065995213 1.07485467428 7.19168495607 -0.442024766822 -0.302097635346 3.37552734753 1.23693887298 0.261369260562 0.05
5 31 -1.32289471828 6.52774250614 5.33463293879 1.07485467428 7.19168495607 -0.442024766822 -0.302097635346 10.082976668 1.08748797777 3.83260893731 -0.448112023135 0.444971182048 15.2668318297 1.08909677299 0.216405202223 0.05
5 32 -1.28099943489 7.12294209387 5.60816005664 1.08748797777 3.83260893731 -0.448112023135 0.444971182048 7.90881078256 0.580882509323 0.380744113381 -0.342901435141 1.14380029389 13.4613901681 1.4530181192 0.270061277561 0.05
5 33 -1.83030010483 7.56211603309 5.94301175908 0.580882509323 0.380744113381 -0.342901435141 1.14380029389 3.3486349583 2.54125407647 -1.89824470277 -0.711795734922 1.56819209903 5.33562760037 1.88316852767 0.326591844356 0.05
5 34 -2.29608652269 7.83318004735 6.26504936287 2.54125407647 -1.89824470277 -0.711795734922 1.56819209903 1.69004592665 5.57321082847 -1.55529589387 -1.23601248189 1.50465796814 2.55231161572 3.01989656936 0.493427015154 0.05
5 35 -2.898503514 8.2800764816 6.63605053301 5.57321082847 -1.55529589387 -1.23601248189 1.50465796814 0.90123803086 8.1432718836 -0.525156490123 -1.65355194381 1.33257936013 1.20892701469 3.76291608728 0.57646086704 0.05
5 36 -2.97119069041 8.95824003643 6.99087330829 8.1432718836 -0.525156490123 -1.65355194381 1.33257936013 1.85053702157 1.8810799238 -0.984228997419 -0.706360404135 1.41439974082 2.36761289781 4.44412638885 0.645189503399 0.05
5 37 -2.65114688165 8.99995036657 7.52419602999 1.8810799238 -0.984228997419 -0.706360404135 1.41439974082 2.44692048534 -7.96997246417 8.53991220411 0.70091442411 0.0644454867635 2.57911346819 3.50373860978 0.475425977503 0.05
5 38 -2.15496138865 9.34926649325 8.16822727168 -7.96997246417 8.53991220411 0.70091442411 0.0644454867635 0.41248224389 -8.76873002683 6.0070071477 0.80796057262 0.405728506387 0.462208155895 2.88169850822 0.360862902097 0.05
5 39 -2.53426239177 9.65548262244 8.74729803317 -8.76873002683 6.0070071477 0.80796057262 0.405728506387 4.27517647053 1.00261747653 5.63971694639 -0.390946898612 0.456698961755 4.98319887334 3.60087863315 0.418931077068 0.05
5 40 -2.46515652802 9.8650821182 9.36671646957 1.00261747653 5.63971694639 -0.390946898612 0.456698961755 0.205629693564 -1.30786614308 6.33175310757 -0.125893745997 0.37802588206 0.23249215009 3.45912817391 0.376804966206 0.05
5 41 -2.26312924756 9.97719904282 10.0118586435 -1.30786614308 6.33175310757 -0.125893745997 0.37802588206 0.623295382331 -4.80361674282 8.02728674167 0.249807875304 0.196369047298 0.714067665472 3.70063776168 0.376039798409 0.05
5 42 -2.09694677663 9.90638951514 10.3858807655 -4.80361674282 8.02728674167 0.249807875304 0.196369047298 0.36745137319 -5.96470074 9.72552136304 0.36957334809 0.0213877321231 0.495825333621 3.32852582131 0.326639972119 0.05
5 43 -1.63215346641 10.0466416838 10.1501730552 -5.96470074 9.72552136304 0.36957334809 0.0213877321231 3.63326696597 5.40191810778 11.7085559921 -0.70992763613 -0.166889884988 5.16066762651 5.33279870163 0.518449971966 0.05
5 44 -1.25358827212 9.81520500493 9.8773866985 5.40191810778 11.7085559921 -0.70992763613 -0.166889884988 1.84895893202 10.8086803367 8.00089140346 -1.23088862281 0.190540120672 2.53616167815 4.24012283404 0.422167510117 0.05
5 45 -0.796281356932 9.6558934415 10.1191455752 10.8086803367 8.00089140346 -1.23088862281 0.190540120672 4.64598942309 -22.0158261845 17.3080170951 2.08617066994 -0.750818679319 5.39150096208 7.56834629275 0.756915418058 0.05
5 46 -0.647822972375 9.75868114813 10.4302521462 -22.0158261845 17.3080170951 2.08617066994 -0.750818679319 0.889783654925 0.728825420325 4.9425569413 -0.129342668292 0.458778007647 0.975700943236 17.0687947068 1.64123456474 0.05
5 47 -0.512040656704 10.0430361238 10.5337019267 0.728825420325 4.9425569413 -0.129342668292 0.458778007647 0.945116849059 -3.41892132559 -2.94059603716 0.272502897153 1.22425290432 1.39613793575 10.7406488594 1.0270495049 0.05
