# segID k x0 y0 z0 p1p p2p p3p p4p chi2p p1f p2f p3f p4f chi2f cfxy cftxy
0 0 -0.0215765587099 0.133836812259 -9.66605925105 0.0 0.0 0.0 0.0 0.0 -1.80054966698 1.02701082519 -0.177897310827 0.0893174012929 1000000.0 1.01794688597 0.101794688597 0.05
0 1 -0.131912440776 -0.074161342665 -9.00307105119 -1.80054966698 1.02701082519 -0.177897310827 0.0893174012929 1.07197501689 -1.49637759818 -0.248809083139 -0.146959647228 -0.0404475942019 2.9531817875 1.17068098451 0.121931849692 0.05
0 2 -0.19132140175 0.225549973997 -8.36167278961 -1.49637759818 -0.248809083139 -0.146959647228 -0.0404475942019 0.300133554618 -1.15421810635 0.359866789929 -0.111140052194 0.0232508410933 0.537109368632 1.09925515774 0.121948349353 0.05
0 3 -0.386552264649 0.405723596689 -7.88042141332 -1.15421810635 0.359866789929 -0.111140052194 0.0232508410933 0.795955675693 -1.55326771073 1.19995727467 -0.154271228185 0.114052926109 1.46258942702 0.976405819113 0.114710635259 0.05
0 4 -0.474377255164 1.17204048937 -7.52182656691 -1.55326771073 1.19995727467 -0.154271228185 0.114052926109 8.67984265675 -1.81669763038 3.84269890172 -0.184048652382 0.412429160793 18.0805987463 0.970230294056 0.120627407293 0.05
0 5 -0.510500981776 1.63410951759 -7.23309489427 -1.81669763038 3.84269890172 -0.184048652382 0.412429160793 7.35386536397 -1.8979262894 6.0629889845 -0.19375576932 0.673496435017 17.1577422547 0.933371733255 0.12092478226 0.05
0 6 -0.370633075674 2.2490336185 -7.13709799012 -1.8979262894 6.0629889845 -0.19375576932 0.673496435017 11.1839219861 -1.58498941036 8.31939361458 -0.156614506889 0.943278030036 33.5564307804 0.849853404808 0.11192113716 0.05
1 7 -0.348347628749 2.89653037456 -7.27101308449 -1.58498941036 8.31939361458 -0.156614506889 0.943278030036 17.8977763987 -1.42236083995 9.2909876372 -0.137048351632 1.03300639397 80.5320635155 1.16090949842 0.157980514919 0.05
2 8 -0.259692528466 3.55452839188 -7.60946349383 -1.42236083995 9.2909876372 -0.137048351632 1.03300639397 46.9330851752 -1.12262691887 1.06699828053 -0.0983962708033 -0.13004322801 159.78091393 1.56640297769 0.211147479879 0.05
3 9 -0.557809248687 4.01119876313 -7.94932382415 -1.12262691887 1.06699828053 -0.0983962708033 -0.13004322801 46.2091214694 0.184740783056 -9.53552125061 0.0807692229203 -1.58353094823 92.6712018219 1.3687021409 0.181245204954 0.05
3 10 -0.840174142751 4.64954576151 -8.19672756514 0.184740783056 -9.53552125061 0.0807692229203 -1.58353094823 19.7950367159 1.88612871038 -16.4355809134 0.309148777602 -2.49998172826 39.2534883643 1.78972209555 0.225343474278 0.05
3 11 -1.31218661561 5.19879548031 -8.47003110307 1.88612871038 -16.4355809134 0.309148777602 -2.49998172826 6.64709118815 5.66960693085 -23.3540076944 0.789790229477 -3.35126451021 12.3200902833 3.39138327855 0.407383280069 0.05
3 12 -1.61790132148 5.80729754057 -8.62276005476 5.66960693085 -23.3540076944 0.789790229477 -3.35126451021 3.6376258289 8.50326697226 -27.0816070997 1.14327807948 -3.80266368706 7.58940805917 2.84382830162 0.337284605542 0.05
3 13 -2.02838346465 6.15557609667 -8.57213586129 8.50326697226 -27.0816070997 1.14327807948 -3.80266368706 10.1268427263 9.21867214386 -25.8593032761 1.25119807664 -3.68615480797 32.4112491324 5.2782716225 0.616268500941 0.05
4 14 -2.84688188146 6.21651024081 -8.44711651503 9.21867214386 -25.8593032761 1.25119807664 -3.68615480797 33.1687067931 -6.19789182366 13.9496494388 -0.521522469261 0.953066380998 93.7925819336 6.47158749264 0.759913363346 0.05
4 15 -3.41514130993 6.70754686213 -8.10311389721 -6.19789182366 13.9496494388 -0.521522469261 0.953066380998 22.1498045247 -24.2124265783 25.4765384252 -2.63284509239 2.30663492607 36.8707354172 2.84566820016 0.338542095776 0.05
4 16 -3.82822182758 6.70639962864 -7.57324380415 -24.2124265783 25.4765384252 -2.63284509239 2.30663492607 7.37289839715 -10.6086262388 4.11293705434 -0.89811628907 -0.360263536468 8.30538911908 4.57431203346 0.594976693971 0.05
4 17 -4.55193501265 6.55211771846 -7.11346857603 -10.6086262388 4.11293705434 -0.89811628907 -0.360263536468 0.969453180115 -13.8162872015 3.56319796141 -1.31053965465 -0.426236594789 1.23129494362 2.19449641036 0.295982167483 0.05
4 18 -5.17623015532 6.47638518025 -6.87722259633 -13.8162872015 3.56319796141 -1.31053965465 -0.426236594789 1.6192046187 -16.3181208825 3.70819297267 -1.64016967313 -0.405252622252 2.5880277892 1.73543562497 0.241641175808 0.05
4 19 -5.72306921311 6.13935432208 -6.84077478886 -16.3181208825 3.70819297267 -1.64016967313 -0.405252622252 6.07595504755 -19.00572326 2.48559449396 -1.9961109502 -0.564962209662 15.2324596272 1.57446196229 0.222385663616 0.05
5 20 -6.41468891353 5.99456092246 -6.88815042506 -19.00572326 2.48559449396 -1.9961109502 -0.564962209662 14.5179269741 -21.0878592446 2.02203369816 -2.25343950009 -0.618304833373 54.6487502409 2.0519404562 0.295036386128 0.05
6 21 -7.3458843147 6.16144316387 -6.9933175766 -21.0878592446 2.02203369816 -2.25343950009 -0.618304833373 37.5804115829 -11.9070463874 4.7696274614 -0.871170658732 -0.216317983748 155.542391412 2.93054255769 0.421499495879 0.05
7 22 -8.01085386066 6.05168919511 -7.00115481893 -11.9070463874 4.7696274614 -0.871170658732 -0.216317983748 39.7643209872 -3.03260789466 7.37134395621 0.46020509792 0.164336254444 195.420016817 2.97160463567 0.426600176416 0.05
8 23 -8.64669948364 6.06390298367 -6.93900566769 -3.03260789466 7.37134395621 0.46020509792 0.164336254444 38.048286203 -6.79340935614 7.38633913827 -0.0285701045734 0.170113071568 249.497237106 2.96637751409 0.426090405709 0.05
9 24 -9.45520945406 5.83255895917 -6.95716696254 -6.79340935614 7.38633913827 -0.0285701045734 0.170113071568 47.1405915974 -6.34087014755 8.1235175169 0.09003143074 0.283153169835 361.794244852 2.97914892737 0.427974501227 0.05
10 25 -9.70853084022 5.21639238449 -6.90118451001 -6.34087014755 8.1235175169 0.09003143074 0.283153169835 52.5461861133 -19.236713847 4.4114133351 -1.72034305571 -0.23563451407 361.031670704 2.98941443183 0.429816215868 0.05
11 26 -10.3742304049 4.7477594861 -6.75267688159 -19.236713847 4.4114133351 -1.72034305571 -0.23563451407 109.121783843 -55.1716074632 -7.69110022097 -6.87573531122 -1.96564906944 277.154745304 2.93926890725 0.426011309132 0.05
11 27 -10.8102338898 4.12884224876 -6.47930246989 -55.1716074632 -7.69110022097 -6.87573531122 -1.96564906944 5.96531046851 -63.8545032853 -28.3161782008 -8.17949329836 -5.034672726 7.62648323141 5.06502894339 0.765670771501 0.05
11 28 -11.2266289865 3.60517627299 -6.0880854386 -63.8545032853 -28.3161782008 -8.17949329836 -5.034672726 2.03240711897 25.6070578634 18.4809920624 6.05445341966 2.43921894534 2.09998116802 8.49711992846 1.38606063419 0.05
11 29 -11.7205225297 3.21208244763 -5.73229006514 25.6070578634 18.4809920624 6.05445341966 2.43921894534 5.09364593208 -50.5140216984 -15.6402825885 -6.77234699794 -3.29299981631 5.16057521698 9.07307706253 1.5745737889 0.05
11 30 -11.9563309185 2.59687636124 -5.5755488451 -50.5140216984 -15.6402825885 -6.77234699794 -3.29299981631 4.12627677636 -33.2283923059 -13.8752890958 -3.79437999691 -2.96967354112 5.16729236988 9.89428826596 1.76834020411 0.05
11 31 -11.7242409215 2.01971393273 -5.73540428565 -33.2283923059 -13.8752890958 -3.79437999691 -2.96967354112 9.46246633794 -14.5743257145 12.7463693552 -0.468432126135 1.81562669123 15.7059688297 6.06720762279 1.07217436768 0.05
11 32 -10.9748449035 2.08884530882 -5.97830230082 -14.5743257145 12.7463693552 -0.468432126135 1.81562669123 3.42778240949 -26.3135923563 9.59996740521 -2.54930829811 1.25616501798 3.91015649182 3.32751109307 0.571527282 0.05
11 33 -10.1706590457 1.41881499875 -6.04470390113 -26.3135923563 9.59996740521 -2.54930829811 1.25616501798 10.9167009289 -31.54243136 14.8445460295 -3.48169339581 2.17717898411 19.7493809697 3.91618145788 0.65514697332 0.05
11 34 -10.0063252287 1.40517111507 -5.63377894201 -31.54243136 14.8445460295 -3.48169339581 2.17717898411 1.25619106801 -1.42974191745 -3.5906298309 1.52419961289 -0.887550112181 1.26261493783 2.63018143329 0.446642186084 0.05
11 35 -10.0952461555 1.02125583801 -4.96714369163 -1.42974191745 -3.5906298309 1.52419961289 -0.887550112181 4.06688397919 -11.5256680212 -0.736308967406 -0.30390084752 -0.352806715149 4.38101555354 2.80244836168 0.552786014453 0.05
11 36 -10.1284929019 0.55087836047 -4.91666787499 -11.5256680212 -0.736308967406 -0.30390084752 -0.352806715149 2.57376000217 -11.3013155462 -1.74481109885 -0.247349301054 -0.506313174674 4.54323490172 3.01916667092 0.61011979836 0.05
11 37 -9.83910427616 -0.0152130492094 -5.3028454521 -11.3013155462 -1.74481109885 -0.247349301054 -0.506313174674 9.08096727634 -13.5075461247 6.06796970143 -0.691562682735 1.09783607268 12.5008758585 2.17349625917 0.425064072441 0.05
11 38 -9.33359409244 -0.625029282837 -5.40849523581 -13.5075461247 6.06796970143 -0.691562682735 1.09783607268 9.34196205313 -16.2179051811 10.2354115255 -1.23978535129 1.94506587811 16.7420001052 2.28752732414 0.432445892663 0.05
11 39 -9.43949672122 -0.990057585699 -5.67442459978 -16.2179051811 10.2354115255 -1.23978535129 1.94506587811 0.638385459816 -12.984904375 12.721173954 -0.631731301235 2.41173400113 0.749500521437 2.71732390249 0.497880014944 0.05
11 40 -8.77023343185 -1.10143488313 -5.90109344521 -12.984904375 12.721173954 -0.631731301235 2.41173400113 3.99547196499 -16.2728343141 13.2978937948 -1.24772152842 2.45746988087 5.49559349297 6.72840436108 1.1408885065 0.05
11 41 -8.20471516645 -1.40594905043 -6.11817364747 -16.2728343141 13.2978937948 -1.24772152842 2.45746988087 1.23937916572 -23.2375620546 7.19958337557 -2.44975224815 1.41044412749 1.36824308306 4.03567518799 0.674425163013 0.05
11 42 -8.0004226643 -1.18489961529 -6.44241538428 -23.2375620546 7.19958337557 -2.44975224815 1.41044412749 4.87654968171 -17.3109977493 -0.810703120964 -1.45904953492 0.0725769120464 5.7105685584 5.13152958335 0.802993628764 0.05
11 43 -7.51280561406 -0.979135005719 -6.48169211985 -17.3109977493 -0.810703120964 -1.45904953492 0.0725769120464 2.59377964713 -20.1006184345 -2.3640083501 -1.91539549616 -0.190099670163 5.25287912622 5.07771334391 0.78913652689 0.05
11 44 -6.88876048636 -0.812029827382 -6.57921105673 -20.1006184345 -2.3640083501 -1.91539549616 -0.190099670163 5.41048538511 -39.028023833 -5.84394057641 -4.85166891576 -0.740099719936 9.13349951962 6.7880377606 1.04237140267 0.05
11 45 -6.5849395836 -0.540776057963 -6.70208815007 -39.028023833 -5.84394057641 -4.85166891576 -0.740099719936 1.40391658326 -38.2346896631 -14.1017711247 -4.72483455652 -2.00490922132 2.18530947773 20.1157953612 3.0099076504 0.05
11 46 -6.34015474037 -0.312763624132 -6.58013283517 -38.2346896631 -14.1017711247 -4.72483455652 -2.00490922132 0.208168296474 -5.22286654828 9.98465456262 0.169414902449 1.56653216148 0.214072574559 10.2851041121 1.55116342202 0.05
11 47 -6.39180309741 0.0494971566402 -6.42827144695 -5.22286654828 9.98465456262 0.169414902449 1.56653216148 0.176654885038 -7.27586657063 12.7148884605 -0.139315369524 1.97415033275 0.214467251785 6.8522258945 1.0552969757 0.05
