# segID k x0 y0 z0 p1p p2p p3p p4p chi2p p1f p2f p3f p4f chi2f cfxy cftxy
0 0 -0.0898361594129 -0.00548397758619 -9.66605925105 0.0 0.0 0.0 0.0 0.0 2.44961396096 -0.905417709014 0.253945012037 -0.0899933731427 1000000.0 1.04227949238 0.104227949238 0.05
0 1 -0.0476165371149 0.156455346212 -8.99961617433 2.44961396096 -0.905417709014 0.253945012037 -0.0899933731427 1.27753342157 1.4720294953 0.213884353133 0.154490128465 0.0238791976507 3.35329517104 1.19222882993 0.124245988959 0.05
0 2 0.395150541461 -0.0783558311425 -8.33840655781 1.4720294953 0.213884353133 0.154490128465 0.0238791976507 0.647850493402 2.45026832233 -0.214422269771 0.256999470065 -0.0209881178387 1.10953671323 1.10794696203 0.123219363223 0.05
0 3 0.341837057217 -0.284009635009 -7.71796520233 2.45026832233 -0.214422269771 0.256999470065 -0.0209881178387 0.830925703706 1.94944087749 -1.13227938323 0.20185040047 -0.121935991845 1.38542845151 1.04505602648 0.125924161464 0.05
0 4 0.783453806425 -0.39701075654 -7.11321521817 1.94944087749 -1.13227938323 0.20185040047 -0.121935991845 1.08454119599 2.96977004012 -1.6269913417 0.322576655393 -0.180419705607 1.81283674878 1.01389100082 0.132628574316 0.05
0 5 0.878071211576 -0.252493837858 -6.5144330664 2.96977004012 -1.6269913417 0.322576655393 -0.180419705607 0.478496223174 2.99744671215 -0.919726732442 0.32597687819 -0.0900895852075 0.802178158052 0.972293953938 0.138493751597 0.05
0 6 1.11750529446 -0.414937405559 -5.89743726283 2.99744671215 -0.919726732442 0.32597687819 -0.0900895852075 0.0295249057135 3.15045259799 -1.01408427703 0.34744595376 -0.103307446796 0.0475776377844 0.923221832678 0.144237608072 0.05
0 7 1.44234347068 -0.554683092401 -5.24245944137 3.15045259799 -1.01408427703 0.34744595376 -0.103307446796 0.224287678144 3.53380279212 -1.28586936189 0.406571560249 -0.145083862129 0.347437466012 0.839737965396 0.145998702032 0.05
0 8 1.43078953311 -0.620107159697 -4.62430682947 3.53380279212 -1.28586936189 0.406571560249 -0.145083862129 0.573082760549 2.85869832221 -1.29218146975 0.291404243371 -0.145903252436 0.896363796661 0.763635953522 0.14932220176 0.05
0 9 2.17273369596 -0.70309033773 -4.10210088872 2.85869832221 -1.29218146975 0.291404243371 -0.145903252436 3.10416730657 4.19995018918 -1.33560468943 0.543370273005 -0.154673098099 5.13937707748 0.669297386975 0.145551758444 0.05
0 10 2.56585429305 -0.48401268518 -3.74318951401 4.19995018918 -1.33560468943 0.543370273005 -0.154673098099 2.92256390364 5.07102838842 -0.771197397198 0.720199896313 -0.0412375684369 5.62244763244 0.608828229885 0.145008180429 0.05
0 11 3.03104881303 -0.112913345657 -3.37040694257 5.07102838842 -0.771197397198 0.720199896313 -0.0412375684369 5.2449485533 5.97752122668 0.336594661779 0.92996305324 0.210019055704 10.3469428584 0.649990692118 0.173423659119 0.05
0 12 3.61920221654 -0.247630847525 -2.90810336614 5.97752122668 0.336594661779 0.92996305324 0.210019055704 1.4497184209 6.88764331647 0.403312483954 1.17186278869 0.228096366084 2.42980021479 0.640054424853 0.19570572795 0.05
0 13 4.08878268574 -0.262380350313 -2.35263630961 6.88764331647 0.403312483954 1.17186278869 0.228096366084 0.202921728225 6.74253562958 0.089654017714 1.12361806262 0.131030304916 0.303994819327 0.638214209498 0.237581617025 0.05
0 14 4.40823367656 -0.658493399057 -1.78577668858 6.74253562958 0.089654017714 1.12361806262 0.131030304916 3.70776719954 5.93395234669 -0.922776363706 0.813768896036 -0.234727912019 5.17017099607 0.485380269967 0.227231011464 0.05
0 15 5.03022424508 -1.05133754471 -1.61955506149 5.93395234669 -0.922776363706 0.813768896036 -0.234727912019 5.37195480537 6.5702367783 -1.56586092572 1.07223567583 -0.478685231272 10.7023030757 0.40552811051 0.211018727402 0.05
1 16 5.67628678581 -1.08590429972 -1.83243180812 6.5702367783 -1.56586092572 1.07223567583 -0.478685231272 13.6676688426 6.53388050098 -1.5562815443 0.877094646568 -0.410366125151 45.7290230229 0.502462450887 0.274647231849 0.05
2 17 6.05834055914 -1.13768413728 -2.12522456228 6.53388050098 -1.5562815443 0.877094646568 -0.410366125151 26.4814547084 4.27366045561 -0.883982431177 -0.487383312231 -0.00044397601907 57.7648113791 0.530658210239 0.274650754266 0.05
2 18 6.67806769447 -1.35328725965 -2.51698673199 4.27366045561 -0.883982431177 -0.487383312231 -0.00044397601907 17.9222408874 2.03060932572 -0.0456821776572 -1.69154276077 0.451246875111 26.9982331564 0.473593824712 0.219974102226 0.05
2 19 7.09053388162 -1.99869543722 -2.94953689468 2.03060932572 -0.0456821776572 -1.69154276077 0.451246875111 4.43603476378 1.68013178596 1.09543513677 -1.83005097024 0.975280472674 6.80938951574 0.904382740145 0.325506245605 0.05
2 20 7.31248280802 -2.56809021322 -3.06306747679 1.68013178596 1.09543513677 -1.83005097024 0.975280472674 5.69893924747 1.60844567212 1.89552542138 -1.8614489701 1.34049177125 12.0930504223 1.20402840586 0.402579911302 0.05
3 21 7.65494081093 -3.19407646577 -3.02908195807 1.60844567212 1.89552542138 -1.8614489701 1.34049177125 13.235379533 1.38364854158 2.53464107617 -1.98297432434 1.6569978146 41.9107189546 1.38265550144 0.460509734331 0.05
4 22 8.15202237334 -3.7354766491 -3.068349639 1.38364854158 2.53464107617 -1.98297432434 1.6569978146 18.3193926363 -0.271937612411 4.06697919922 -2.58686370636 2.25676651518 68.6923568733 1.36078402384 0.450861139483 0.05
5 23 8.86341224653 -4.21648617923 -2.97377551124 -0.271937612411 4.06697919922 -2.58686370636 2.25676651518 55.9292930839 17.2408391517 -10.8108704165 3.06974255986 -2.52805780266 126.793640566 2.37588095162 0.781950903069 0.05
6 24 9.54697201468 -4.19033050011 -2.94398332284 17.2408391517 -10.8108704165 3.06974255986 -2.52805780266 30.7989232008 18.8198232937 -11.6935630811 3.39135138635 -2.67105140532 62.5821147037 3.44297817861 1.16766544105 0.05
6 25 10.151953364 -4.27477696375 -2.92341513586 18.8198232937 -11.6935630811 3.39135138635 -2.67105140532 19.4404139525 36.2951045095 -23.7298004531 9.14679734721 -6.6558645761 37.2454278531 4.17076384966 1.41031066663 0.05
6 26 10.7969622405 -3.93202049312 -2.68058248601 36.2951045095 -23.7298004531 9.14679734721 -6.6558645761 8.25831505184 15.9779290491 5.53279203523 1.97264907489 3.58917536459 10.0504863513 3.71721174528 1.35789464756 0.05
6 27 11.4408968185 -3.33170704146 -2.56918830794 15.9779290491 5.53279203523 1.97264907489 3.58917536459 4.20929212396 19.8803884393 6.00828855106 3.34016154558 3.68390726283 5.99462212291 3.18098699872 1.21887467581 0.05
6 28 11.9654315485 -3.14657345517 -2.6044656628 19.8803884393 6.00828855106 3.34016154558 3.68390726283 9.68285790107 21.0389045614 3.63181691345 3.66843679929 2.69674108676 24.2490794294 3.4350132245 1.31663176687 0.05
7 29 12.6791461891 -2.88353921198 -2.59156047331 21.0389045614 3.63181691345 3.66843679929 2.69674108676 15.9069218524 24.7848609416 3.17168523835 4.98481133672 2.46593849866 54.5578424264 3.43279770592 1.31833620861 0.05
7 30 13.3480140023 -2.36848100571 -2.53483708424 24.7848609416 3.17168523835 4.98481133672 2.46593849866 22.6595839267 53.4478985135 20.1319831736 15.9931763687 8.98365641362 36.0383645036 4.24020089204 1.64229181109 0.05
7 31 13.7722824402 -2.22035962046 -2.43893507445 53.4478985135 20.1319831736 15.9931763687 8.98365641362 0.584826731531 15.17234554 -2.17839874089 0.57308905383 0.00724802164398 0.614583838371 10.4047378848 4.23974259329 0.05
7 32 13.8532838525 -1.69620491508 -2.01863121514 15.17234554 -2.17839874089 0.57308905383 0.00724802164398 0.571658752837 14.4132984747 0.329162911442 0.271958781257 1.0134937238 0.598759042704 0.901123742916 0.389781701265 0.05
7 33 13.8927908086 -1.57201812742 -1.27026551663 14.4132984747 0.329162911442 0.271958781257 1.0134937238 1.60964234012 13.9760316109 -1.15193919124 0.0577309193986 0.287678256874 1.76388747726 0.514917143206 0.344073384068 0.05
7 34 13.5993361247 -2.13354369905 -0.746267471132 13.9760316109 -1.15193919124 0.0577309193986 0.287678256874 5.42164304048 13.4716408891 -2.36239948779 -0.262980335166 -0.50120031046 6.7104261356 0.285748993909 0.261096667962 0.05
7 35 13.2257493669 -2.40227306761 -0.454746825153 13.4716408891 -2.36239948779 -0.262980335166 -0.50120031046 2.39611684732 13.1094501927 -2.64862513764 -0.563609008072 -0.748952980618 3.82010284629 0.208951769187 0.276930128892 0.05
7 36 12.5505734934 -2.68963085137 -0.143087466047 13.1094501927 -2.64862513764 -0.563609008072 -0.748952980618 5.03506591028 12.6087737925 -2.78829175679 -1.28101733155 -0.99652927998 8.04761783705 0.14734629292 0.355991377892 0.05
7 37 12.1533473097 -3.09529558579 -0.174361714868 12.6087737925 -2.78829175679 -1.28101733155 -0.99652927998 7.3095923745 12.4016865958 -2.93595589806 0.215152476558 0.115828211448 10.4999981737 0.126920149967 0.686592364098 0.05
7 38 12.0116841111 -3.66836812689 -0.513110567131 12.4016865958 -2.93595589806 0.215152476558 0.115828211448 3.70398917235 12.4455162864 -2.84767212466 0.816534471443 1.34817445238 4.54622137482 0.146115172399 0.399899482584 0.05
7 39 11.9906137267 -4.47049057487 -0.740498245823 12.4455162864 -2.84767212466 0.816534471443 1.34817445238 4.53505311092 12.4602715047 -2.52969733039 0.717092564469 2.34854398446 6.75738748318 0.347995685644 0.528777077608 0.05
7 40 11.91424589 -4.79137153846 -1.12212549808 12.4602715047 -2.52969733039 0.717092564469 2.34854398446 0.351682892734 11.9024205199 -3.51997560218 0.00631141924439 1.13909956982 0.371881105866 0.600570803803 0.608549714194 0.05
7 41 12.1807583513 -5.23747204934 -1.3320907047 11.9024205199 -3.51997560218 0.00631141924439 1.13909956982 1.22584795905 11.584918781 -3.27968060419 -0.384840406734 1.43159869008 1.7008275058 0.731604193749 0.582130993297 0.05
7 42 12.4138024677 -6.03083648836 -1.19616083988 11.584918781 -3.27968060419 -0.384840406734 1.43159869008 14.913607951 12.0155925402 -5.48023204351 -0.13992478783 -0.0216148031705 34.1931646125 0.920494981964 0.746517309346 0.05
7 43 11.9723272324 -6.34649207127 -1.0834052271 12.0155925402 -5.48023204351 -0.13992478783 -0.0216148031705 10.2338640382 11.7342034538 -8.38459154486 -0.337321565554 -2.25260002377 19.1399877884 0.767957555076 0.647260630248 0.05
7 44 11.9236157891 -6.47185083733 -0.734664413742 11.7342034538 -8.38459154486 -0.337321565554 -2.25260002377 0.0668809897299 11.5686287231 -7.52049860576 -0.4906474133 -1.42176142698 0.0692322391786 0.545959119201 0.591352409696 0.05
7 45 11.7303730769 -6.71449536864 -0.429893599796 11.5686287231 -7.52049860576 -0.4906474133 -1.42176142698 0.290109370469 11.4998529105 -7.22360875613 -0.560210489016 -1.10638880436 0.351483586026 0.277273695897 0.42925868312 0.05
7 46 12.228705695 -7.04748874054 -0.325203186176 11.4998529105 -7.22360875613 -0.560210489016 -1.10638880436 3.97994414633 12.24564058 -7.43123487693 0.715365024517 -1.41613784065 6.60116466314 0.386605000942 0.961240811103 0.05
7 47 12.246900557 -7.38074695458 -0.123962808515 12.24564058 -7.43123487693 0.715365024517 -1.41613784065 0.118660156309 12.3868305747 -7.64327403255 1.23403146637 -2.21566844578 0.134528414663 0.268108651928 1.37106914757 0.05
