# x0 y0 zi zf ux uy uz E deltaE deltaX
-0.0 -0.0 -0.0 -0.0985981583772 -0.723644965697 0.074813341987 -0.686105624144 0.047 0.047 0.143706967131
-0.156330173896 -0.035265215921 -0.0985981583772 -0.334021423258 -0.642212167337 -0.250158965079 -0.724557812956 0.097 0.05 0.324919917599
-0.385142736418 0.0646454958253 -0.334021423258 -0.571005375387 -0.560680893229 0.633076117988 -0.533714872194 0.147 0.05 0.444027259638
-0.467091088495 0.465312661453 -0.571005375387 -0.607029099587 0.160987718351 0.984598680667 -0.0681791212074 0.197 0.05 0.528368854902
-0.156265868207 0.716156981027 -0.607029099587 -0.362567506284 0.909560506164 -0.031431196629 0.414381183821 0.247 0.05 0.589943759147
0.224218792629 0.688294812411 -0.362567506284 0.230909842665 0.353039308589 -0.0585017127302 0.933777701703 0.297 0.05 0.635565989493
0.670574830337 0.647333512031 0.230909842665 0.232245154004 0.997764764835 -0.0667944606639 0.00199350922879 0.347 0.05 0.66982952443
1.25661218987 0.510489418317 0.232245154004 -0.189943647689 0.723767345406 -0.328947021706 -0.606592685939 0.397 0.05 0.696000481839
1.28837822604 0.375523610481 -0.189943647689 -0.752828902022 -0.615029699422 -0.0572603080991 -0.786422104181 0.447 0.05 0.715754619993
1.16266992168 0.229881344121 -0.752828902022 -1.41254626764 0.258471181402 -0.342677617722 -0.9031969324 0.497 0.05 0.730424719072
1.45713773516 -0.17074266157 -1.41254626764 -1.11916628185 0.539684266824 -0.743081076846 0.395691047885 0.547 0.05 0.741437005856
1.58335931835 -0.340767590772 -1.11916628185 -0.414975853472 -0.19698819003 0.28127803251 0.939190247722 0.597 0.05 0.749784647025
1.59391441597 -0.478220256617 -0.414975853472 0.13861838055 0.223403283198 -0.642916564468 0.732631738453 0.647 0.05 0.755624149167
1.68692511978 -0.641720972384 0.13861838055 0.881423627037 0.0226544109095 0.209008806677 0.977651316369 0.697 0.05 0.759785451163
1.85975570836 -0.524541739885 0.881423627037 1.56530043741 0.430801064743 0.099101842797 0.896989000697 0.747 0.05 0.762413819841
2.34395449464 -0.672872918466 1.56530043741 1.75287290203 0.837938877976 -0.487377591767 0.245604396986 0.797 0.05 0.763717860588
2.84683778903 -0.730579286679 1.75287290203 2.37258346816 0.478770909665 0.336100069324 0.811058049377 0.847 0.05 0.764076710171
3.19124546255 -0.420012747182 2.37258346816 2.96105479521 0.422893511268 0.477004895741 0.770472197789 0.897 0.05 0.763780093223
3.280707696 -0.311531061106 2.96105479521 3.69567578879 -0.188829139884 -0.193141553958 0.96282911052 0.947 0.05 0.762981702104
3.13780689925 -0.1947061541 3.69567578879 4.33987696147 -0.186057915553 0.50018577959 0.845692992732 0.997 0.05 0.761743538393
3.01743298641 0.359426227213 4.33987696147 4.53727501383 -0.130281306435 0.956855548106 0.259719543456 1.047 0.05 0.760043120895
2.79593521569 1.0386559097 4.53727501383 4.77741642169 -0.453854850494 0.832839072363 0.316851470294 1.097 0.05 0.757898985412
2.49897763302 1.54276783434 4.77741642169 5.38239354161 -0.330875955711 0.499103778288 0.800884835936 1.147 0.05 0.755385909142
2.23190367201 1.78784812955 5.38239354161 6.0700025952 -0.37764409607 0.150341537778 0.913664248355 1.197 0.05 0.752583955029
1.91458135594 1.80051196557 6.0700025952 6.72676800432 -0.467514600754 -0.117156169834 0.87618749703 1.247 0.05 0.749571765566
1.53238027127 1.86301609407 6.72676800432 7.31027981516 -0.554599554555 0.285126430304 0.781743086205 1.297 0.05 0.74642401211
1.33148656693 2.10705156076 7.31027981516 8.00050977479 0.016387567061 0.370358960578 0.928744145589 1.347 0.05 0.743186337061
1.28645208492 2.43505624872 8.00050977479 8.62658950585 -0.138196741043 0.514634093229 0.8461993919 1.397 0.05 0.739872584471
1.16547811091 2.81048052728 8.62658950585 9.24783259562 -0.18968269109 0.502496176911 0.843515304479 1.447 0.05 0.736492967546
1.15644811958 3.07952943873 9.24783259562 9.95093185036 0.165935138276 0.229194762046 0.959132572138 1.497 0.05 0.733057426225
1.26288744265 3.33875878271 9.95093185036 10.5842912153 0.125057141089 0.480341833022 0.868120057891 1.547 0.05 0.729575776037
1.35660029204 3.58928558326 10.5842912153 11.2880155405 0.132478151265 0.207431770676 0.969237638534 1.597 0.05 0.726059634076
1.50893720714 3.82232910184 11.2880155405 11.9036818839 0.288554005862 0.436635752587 0.85210668655 1.647 0.05 0.722522605592
1.69263989271 4.11470907588 11.9036818839 12.5511092697 0.221033974661 0.374532632201 0.900482809087 1.697 0.05 0.718978062994
1.8605106332 4.3545821819 12.5511092697 13.2116323523 0.247153050421 0.294176722825 0.923241802247 1.747 0.05 0.715438881771
1.93533483988 4.53729805204 13.2116323523 13.9059469702 -0.0381708673565 0.21767464298 0.975274697041 1.797 0.05 0.711916980906
1.84693564514 4.60223594782 13.9059469702 14.59792881 -0.211208570807 -0.0354176374579 0.976799124987 1.847 0.05 0.708417751566
2.01309531733 4.51853207229 14.59792881 15.0923134986 0.683666096866 -0.201885786496 0.701315048467 1.897 0.05 0.704939512773
2.48555818932 4.23322747388 15.0923134986 15.3993758587 0.660008209029 -0.610554804246 0.437735074019 1.947 0.05 0.701479909529
2.92334946721 3.808169526 15.3993758587 15.7723114198 0.591086503225 -0.604300579547 0.534263563482 1.997 0.05 0.69803667445
3.32637468668 3.43103019843 15.7723114198 16.2383056684 0.56643532585 -0.478622180338 0.670873930123 2.047 0.05 0.694607775982
3.7734132698 3.05985759089 16.2383056684 16.4814324816 0.724293539411 -0.593018731267 0.351749418101 2.097 0.05 0.691193220803
4.32479232307 2.70148990921 16.4814324816 16.6092855139 0.87545143447 -0.446128182287 0.185888221395 2.147 0.05 0.687795231706
4.93082807969 2.5822458437 16.6092855139 16.912148243 0.891183183816 0.0998759342885 0.442512520312 2.197 0.05 0.684416180752
5.37421848256 2.7567174998 16.912148243 17.4675498086 0.406485900762 0.411986151957 0.815497776255 2.247 0.05 0.681058344731
5.59999998599 2.90598867668 17.4675498086 18.1221178891 0.257807626574 0.0264941915759 0.965832949062 2.297 0.05 0.677723907729
5.67639292064 2.88750169997 18.1221178891 18.7939341291 -0.0325267438999 -0.0814479266041 0.996146699128 2.347 0.05 0.674414963805
5.71168680984 2.80156368315 18.7939341291 19.4482910731 0.137862732932 -0.174251962872 0.975002625793 2.397 0.05 0.671133519744
5.75794896043 2.74309051656 19.4482910731 20.116172571 0.0 0.0 1.0 2.447 0.05 0.667881497887
