# x0 y0 zi zf ux uy uz E deltaE deltaX
-0.0 -0.0 -0.0 0.0203481345299 -0.988566484729 0.051838852565 0.141594627846 0.047 0.047 0.143706967131
-0.103002558023 -0.0703294204117 0.0203481345299 -0.261695055642 -0.196790720591 -0.455830612662 -0.868039091775 0.097 0.05 0.324919917599
-0.0400780585051 -0.189993802622 -0.261695055642 -0.652615420439 0.427429216642 -0.20543855661 -0.880397219565 0.147 0.05 0.444027259638
0.267843682255 -0.124553339579 -0.652615420439 -0.872441044898 0.806355737688 0.420352644446 -0.416045765036 0.197 0.05 0.528368854902
0.7092290684 -0.168750218258 -0.872441044898 -1.07989128989 0.774171278943 -0.526312886516 -0.351644104667 0.247 0.05 0.589943759147
1.24439561863 -0.241250435951 -1.07989128989 -1.07427098121 0.965463218734 0.260389275242 0.00884299785218 0.297 0.05 0.635565989493
1.58571871098 0.174533770573 -1.07427098121 -1.05839646264 0.103056966361 0.99439308269 0.0236993413802 0.347 0.05 0.66982952443
1.62694340236 0.546030713968 -1.05839646264 -1.75000322535 0.0192798487149 0.110517223942 -0.993687189535 0.397 0.05 0.696000481839
1.57972316768 0.233834870465 -1.75000322535 -1.8439868277 -0.150693059236 -0.979821447925 -0.131307014606 0.447 0.05 0.715754619993
1.43096171627 -0.252479489991 -1.8439868277 -2.49508978401 -0.259662145223 -0.371451000638 -0.89140323337 0.497 0.05 0.730424719072
1.47763436582 -0.617374049902 -2.49508978401 -3.0044404269 0.381703295559 -0.61835614275 -0.686977637833 0.547 0.05 0.741437005856
1.73189121387 -1.18945801073 -3.0044404269 -3.20728495601 0.300759355915 -0.914523653357 -0.270537053433 0.597 0.05 0.749784647025
1.67696410299 -1.7546919629 -3.20728495601 -3.71785325405 -0.443817167101 -0.58861553087 -0.675690816132 0.647 0.05 0.755624149167
1.62266855173 -2.33965500186 -3.71785325405 -3.71644301936 0.298463028497 -0.954419391844 0.00185609594342 0.697 0.05 0.759785451163
1.45803067861 -2.78897549667 -3.71644301936 -3.22451559938 -0.729319955305 -0.227549680846 0.645223639942 0.747 0.05 0.762413819841
1.28191817479 -2.80304789292 -3.22451559938 -2.50299042089 0.266876834865 0.190308799057 0.944753574227 0.797 0.05 0.763717860588
1.68287209351 -2.52102898654 -2.50299042089 -2.72837120428 0.782760715153 0.54797584891 -0.294971408488 0.847 0.05 0.764076710171
2.17100490182 -2.44548867077 -2.72837120428 -3.33559841897 0.49513778624 -0.350382203885 -0.795028857236 0.897 0.05 0.763780093223
2.6707638287 -2.76890264183 -3.33559841897 -3.10696472774 0.814359594093 -0.497014526971 0.299658157722 0.947 0.05 0.762981702104
3.3514837598 -3.04044062754 -3.10696472774 -3.03175495285 0.9715847338 -0.215115683179 0.0987337221875 0.997 0.05 0.761743538393
4.0543905108 -3.30570452679 -3.03175495285 -3.03852631375 0.875891236596 -0.482426334447 -0.0089091799068 1.047 0.05 0.760043120895
4.59669996289 -3.80421406092 -3.03852631375 -2.99872681354 0.552717186879 -0.831712752686 0.0525129350642 1.097 0.05 0.757898985412
4.88352242579 -4.48512514702 -2.99872681354 -3.10651241119 0.204850433113 -0.968336729535 -0.142689447004 1.147 0.05 0.755385909142
4.85594156064 -5.19864146153 -3.10651241119 -3.30276004813 -0.278909561583 -0.924235367465 -0.260765108831 1.197 0.05 0.752583955029
4.9735130829 -5.81663486887 -3.30276004813 -3.57059567052 0.593733550148 -0.720974470069 -0.35731818445 1.247 0.05 0.749571765566
5.45456690116 -6.31668007351 -3.57059567052 -3.85077601156 0.692718512106 -0.61582732516 -0.375363515237 1.297 0.05 0.74642401211
5.86801597997 -6.85755583451 -3.85077601156 -4.11410050488 0.416902748471 -0.837048783284 -0.354318264727 1.347 0.05 0.743186337061
6.23561555851 -7.46891752831 -4.11410050488 -4.18966092323 0.574913491127 -0.811815684237 -0.102126257873 1.397 0.05 0.739872584471
6.6103115496 -8.09344821592 -4.18966092323 -4.05936558996 0.439962451702 -0.880417377195 0.176913207603 1.447 0.05 0.736492967546
6.87279249133 -8.77014864166 -4.05936558996 -4.05764273732 0.274102170715 -0.961697705328 0.00235022875747 1.497 0.05 0.733057426225
6.83108976749 -9.45773144838 -4.05764273732 -4.10542805752 -0.389730702157 -0.918596793873 -0.0654974051601 1.547 0.05 0.729575776037
6.52845362789 -10.1184628317 -4.10542805752 -4.10389043705 -0.44202181839 -0.897001798859 0.00211776057724 1.597 0.05 0.726059634076
6.37433643631 -10.7915894706 -4.10389043705 -3.90669682005 0.0175770508126 -0.96187506738 0.272923802621 1.647 0.05 0.722522605592
6.45406547242 -11.4358498462 -3.90669682005 -3.52841561864 0.204120630683 -0.825538777826 0.526137334197 1.697 0.05 0.718978062994
6.36392801891 -11.8778285559 -3.52841561864 -2.9622333975 -0.457108456097 -0.405923070988 0.791377482498 1.747 0.05 0.715438881771
6.10568735106 -12.0285151941 -2.9622333975 -2.27607375644 -0.266109923079 -0.0153952338665 0.963819742282 1.797 0.05 0.711916980906
5.96851331547 -12.2049859491 -2.27607375644 -1.66150361995 -0.119844396858 -0.482739712312 0.867525037505 1.847 0.05 0.708417751566
5.98052284667 -12.4936613676 -1.66150361995 -1.00600564418 0.154508235953 -0.33388602991 0.929864142794 1.897 0.05 0.704939512773
6.16744030079 -12.761874153 -1.00600564418 -0.430454760742 0.377652936395 -0.429172826599 0.820480922716 1.947 0.05 0.701479909529
6.53649773527 -12.9506877579 -0.430454760742 0.0769650331985 0.677899799001 -0.109694944434 0.726924261309 1.997 0.05 0.69803667445
6.88564162332 -12.9036140605 0.0769650331985 0.711528006779 0.324051734771 0.245776817989 0.913555815991 2.047 0.05 0.694607775982
7.04344901546 -12.6760998036 0.711528006779 1.33500289348 0.130970511227 0.411332195252 0.902026912203 2.097 0.05 0.691193220803
7.13091524087 -12.3960748379 1.33500289348 1.95942688708 0.122720422377 0.400904068461 0.907863219777 2.147 0.05 0.687795231706
7.19514446899 -12.1591258617 1.95942688708 2.61304629042 0.064364251059 0.289528581124 0.955002850204 2.197 0.05 0.684416180752
7.22219576447 -12.0409317332 2.61304629042 3.29295650817 0.0147574083255 0.0561335331254 0.998314201721 2.247 0.05 0.681058344731
7.14018051539 -11.9849448593 3.29295650817 3.94377701924 -0.256861462704 0.108810587829 0.960303308832 2.297 0.05 0.677723907729
6.86799049851 -11.9099783596 3.94377701924 4.50226555899 -0.549066819977 0.112971192214 0.828108167409 2.347 0.05 0.674414963805
6.66058990893 -11.7635327215 4.50226555899 5.13589010917 -0.0663091595266 0.322889272125 0.944111017471 2.397 0.05 0.671133519744
6.63833875912 -11.6551818147 5.13589010917 5.80377160706 0.0 0.0 1.0 2.447 0.05 0.667881497887
