# x0 y0 zi zf ux uy uz E deltaE deltaX
-0.0 -0.0 -0.0 0.122064037602 -0.487786768213 -0.20147335822 0.849395405382 0.047 0.047 0.143706967131
-0.116118138678 0.119485085584 0.122064037602 0.208674400054 -0.499008868052 0.824582556882 0.266559105062 0.097 0.05 0.324919917599
-0.288860252663 0.165212884509 0.208674400054 0.57254730385 -0.412916783154 -0.397425371426 0.819483254458 0.147 0.05 0.444027259638
-0.386029179801 -0.0170342004383 0.57254730385 1.06620597016 -0.0208027904947 -0.355862139803 0.934306898916 0.197 0.05 0.528368854902
-0.395840474703 -0.0443358669102 1.06620597016 1.64079922647 -0.0146302814094 0.22616247108 0.973979718239 0.247 0.05 0.589943759147
-0.186941889918 -0.200349088167 1.64079922647 1.79467507655 0.670942466766 -0.700870701459 0.242108376821 0.297 0.05 0.635565989493
0.123774022307 -0.741335386608 1.79467507655 1.72062351793 0.291124240651 -0.950276141597 -0.110552843549 0.347 0.05 0.66982952443
0.221847739301 -1.37223613504 1.72062351793 1.41494037518 0.00164342173994 -0.898387999981 -0.439199613679 0.397 0.05 0.696000481839
-0.0768612396417 -1.65049113741 1.41494037518 1.02854761127 -0.836266736515 0.0960782846492 -0.53983970641 0.447 0.05 0.715754619993
-0.673170069986 -1.57450156916 1.02854761127 1.44531357328 -0.813301993989 0.113920926027 0.570580309147 0.497 0.05 0.730424719072
-1.1259486402 -1.86814640405 1.44531357328 1.50121622038 -0.420131794719 -0.904325417901 0.0753977029134 0.547 0.05 0.741437005856
-1.07190319707 -2.48434024525 1.50121622038 1.76655006888 0.559616881812 -0.749398316523 0.353880076839 0.597 0.05 0.749784647025
-0.929232163662 -3.11062983393 1.76655006888 2.04203069198 -0.177667798912 -0.914067960747 0.364573608981 0.647 0.05 0.755624149167
-1.18510090371 -3.44881482329 2.04203069198 2.70125150386 -0.496834205143 0.0188498560622 0.867640741048 0.697 0.05 0.759785451163
-1.70957558034 -3.40365662286 2.70125150386 3.05429329552 -0.880705379512 0.099676255191 0.463057964675 0.747 0.05 0.762413819841
-2.22694205868 -3.0632263721 3.05429329552 2.76199835162 -0.475661265611 0.792001835064 -0.382726343034 0.797 0.05 0.763717860588
-2.53173329063 -2.41432003647 2.76199835162 2.55470937161 -0.322364831289 0.906907271187 -0.271293414989 0.847 0.05 0.764076710171
-2.56694870264 -1.81354636417 2.55470937161 2.01272095689 0.23027653813 0.665899288187 -0.709613172072 0.897 0.05 0.763780093223
-2.44929065863 -1.17891535698 2.01272095689 2.0143788083 0.0778989221918 0.996958894141 0.0021728586697 0.947 0.05 0.762981702104
-2.69187089479 -0.541270987938 2.0143788083 1.87716658601 -0.71493343509 0.675591348214 -0.180129158129 0.997 0.05 0.761743538393
-3.26454215028 -0.450671613248 1.87716658601 1.55221357902 -0.790411188393 -0.438696944356 -0.427545487961 1.047 0.05 0.760043120895
-3.61892601394 -0.907108676973 1.55221357902 1.07578396218 -0.142527095271 -0.764541903195 -0.628618887222 1.097 0.05 0.757898985412
-3.68964610874 -1.46045680483 1.07578396218 0.535878679726 -0.044241027395 -0.697988560025 -0.71474100314 1.147 0.05 0.755385909142
-3.51303696779 -2.03662983742 0.535878679726 0.374169072323 0.513746443843 -0.830598816277 -0.214872515316 1.197 0.05 0.752583955029
-3.10453044842 -2.65299033117 0.374169072323 0.460341322781 0.5741621122 -0.810630380169 0.114961974846 1.247 0.05 0.749571765566
-2.83557858515 -3.03790466862 0.460341322781 1.18094989079 0.144057555267 -0.217306821596 0.96541450479 1.297 0.05 0.74642401211
-2.65093142612 -3.17522989102 1.18094989079 1.86736078434 0.352221625474 -0.151304470431 0.923605372319 1.347 0.05 0.743186337061
-2.41677389906 -3.20603745149 1.86736078434 2.57599689063 0.279168006489 0.0687041191715 0.957781273654 1.397 0.05 0.739872584471
-2.31468286505 -2.92246540483 2.57599689063 3.10120010476 -0.00321345424347 0.701041044339 0.713113685091 1.447 0.05 0.736492967546
-2.35962061512 -2.45840680041 3.10120010476 3.70130984656 -0.119375113808 0.561764187881 0.818639468519 1.497 0.05 0.733057426225
-2.53550502164 -2.21497852774 3.70130984656 4.37719059992 -0.362210490051 0.102869555291 0.926402404731 1.547 0.05 0.729575776037
-2.74457569555 -1.95035616928 4.37719059992 4.92234315981 -0.211940371316 0.625559609659 0.750837168612 1.597 0.05 0.726059634076
-2.86031276319 -1.52340985865 4.92234315981 5.51921747863 -0.107391500613 0.553199355816 0.8260977777 1.647 0.05 0.722522605592
-2.83155476815 -1.16735791163 5.51921747863 6.15252489262 0.187917801492 0.434512358807 0.880843862399 1.697 0.05 0.718978062994
-2.6367240549 -0.76583428613 6.15252489262 6.60675586964 0.355799294784 0.685792189117 0.634898366022 1.747 0.05 0.715438881771
-2.3459310482 -0.277640463511 6.60675586964 7.01163427162 0.459370084672 0.682306029155 0.568715753156 1.797 0.05 0.711916980906
-1.96639180016 0.0921633472471 7.01163427162 7.51238032491 0.609873385201 0.358351230789 0.706851363028 1.847 0.05 0.708417751566
-1.49085492376 0.301232509171 7.51238032491 7.9602222834 0.736273979709 0.233035526715 0.635291326946 1.897 0.05 0.704939512773
-0.973835710767 0.54847631499 7.9602222834 8.30344119708 0.734176130294 0.470735735253 0.489278322903 1.947 0.05 0.701479909529
-0.474573816938 0.910585649059 8.30344119708 8.61685451237 0.692677046779 0.564450295498 0.44899261996 1.997 0.05 0.69803667445
0.0684769102528 1.27365574748 8.61685451237 8.71201671669 0.867521921029 0.478159331315 0.137001351861 2.047 0.05 0.694607775982
0.679840379173 1.56869134931 8.71201671669 8.87524383627 0.897201313604 0.373177870103 0.236152662767 2.097 0.05 0.691193220803
1.30131836066 1.80441880719 8.87524383627 9.07417202453 0.905526047002 0.310436728752 0.289225890339 2.147 0.05 0.687795231706
1.88928721783 1.8661858472 9.07417202453 9.46709125229 0.808165020902 -0.131473837557 0.574094007135 2.197 0.05 0.684416180752
2.4142989332 1.79756624487 9.46709125229 9.9304437026 0.729603003267 -0.0693866880131 0.680341785539 2.247 0.05 0.681058344731
2.72417874058 1.71941806663 9.9304437026 10.5879587505 0.18127942611 -0.160891437287 0.970181279492 2.297 0.05 0.677723907729
2.85950101181 1.45643684256 10.5879587505 11.0970463211 0.219133840934 -0.618198730626 0.754858058982 2.347 0.05 0.674414963805
2.94211519975 1.07593825254 11.0970463211 11.6730051752 0.0259877266933 -0.512676979121 0.858188180495 2.397 0.05 0.671133519744
2.950835817 0.903900899799 11.6730051752 12.3408866731 0.0 0.0 1.0 2.447 0.05 0.667881497887
