# x0 y0 zi zf ux uy uz E deltaE deltaX
-0.0 -0.0 -0.0 0.0674303206294 -0.483868677024 -0.738716993853 0.469220956893 0.047 0.047 0.143706967131
-0.0793091073692 -0.208936425497 0.0674303206294 0.0457157095685 -0.274168833144 -0.959356614833 -0.0668306554468 0.097 0.05 0.324919917599
-0.264480769239 -0.483779255224 0.0457157095685 -0.202119544728 -0.633430499954 -0.535939138982 -0.558153241534 0.147 0.05 0.444027259638
-0.604327483846 -0.440356070104 -0.202119544728 -0.324259095244 -0.754081200003 0.614756063764 -0.231163418099 0.197 0.05 0.528368854902
-0.684744311819 -0.139953856085 -0.324259095244 -0.788383700433 0.402749178237 0.46781827302 -0.786726866744 0.247 0.05 0.589943759147
-0.592776109827 0.305857275595 -0.788383700433 -0.639867760713 -0.0844333414728 0.968641813684 0.233675089881 0.297 0.05 0.635565989493
-0.442932814543 0.866077287667 -0.639867760713 -0.377211379196 0.527521612441 0.753630906005 0.392124222564 0.347 0.05 0.66982952443
0.028505378241 1.26810330619 -0.377211379196 -0.159667055912 0.847020727949 0.429953446131 0.312563466493 0.397 0.05 0.696000481839
0.580841641702 1.6650446906 -0.159667055912 -0.11206616154 0.719723879878 0.691067789612 0.0665044877703 0.447 0.05 0.715754619993
0.705244552795 2.25242519477 -0.11206616154 -0.108615575264 -0.364636988592 0.931137771546 0.00472408201129 0.497 0.05 0.730424719072
0.871917592443 2.71938915598 -0.108615575264 0.245912566131 0.808815778703 0.342310776533 0.478163537287 0.547 0.05 0.741437005856
1.53506089295 2.92856237058 0.245912566131 0.33049152452 0.969079127771 0.219455749886 0.11280433485 0.597 0.05 0.749784647025
2.11119392806 2.73612105917 0.33049152452 0.626981972833 0.563329558672 -0.727117013637 0.392378206335 0.647 0.05 0.755624149167
2.19233253831 2.32658105428 0.626981972833 1.28666973044 -0.346661281253 -0.354906552358 0.868255316813 0.697 0.05 0.759785451163
1.70163011959 2.22128988907 1.28666973044 1.53614440579 -0.941767608049 0.0774782710296 0.327216885183 0.747 0.05 0.762413819841
1.26453990178 2.43880318946 1.53614440579 2.1823137745 -0.204478386892 0.492270923099 0.846083877382 0.797 0.05 0.763717860588
1.15313728351 2.72960700569 2.1823137745 2.9151709114 -0.0872182589435 0.269150379146 0.959140786701 0.847 0.05 0.764076710171
1.24520738142 2.5310529176 2.9151709114 3.31159156026 0.328342723799 -0.78917965755 0.519024588857 0.897 0.05 0.763780093223
1.29587864481 1.92542954776 3.31159156026 3.74696791235 -0.195861983335 -0.797511952906 0.570624892952 0.947 0.05 0.762981702104
1.04500635478 1.41332356248 3.74696791235 4.2792336779 -0.462498797655 -0.545754472909 0.698746676176 0.997 0.05 0.761743538393
0.77559851561 1.010544122 4.2792336779 4.90446082788 -0.24539424487 -0.512910290158 0.822620628743 1.047 0.05 0.760043120895
0.557542774745 0.67738724851 4.90446082788 5.56451309183 -0.329333168157 -0.364797703418 0.870897410682 1.097 0.05 0.757898985412
0.504819083413 0.540175548627 5.56451309183 6.30601379886 0.190834763529 0.00272232975279 0.981618399354 1.147 0.05 0.755385909142
0.862923698678 0.551743268972 6.30601379886 6.7945739003 0.760121625453 0.0280088766349 0.649176876782 1.197 0.05 0.752583955029
1.49962993003 0.693980000944 6.7945739003 6.81864441745 0.935677083555 0.351393215288 0.0321123583586 1.247 0.05 0.749571765566
1.96681595434 0.868633661004 6.81864441745 7.52254201393 0.312175012226 0.11509930808 0.943026463585 1.297 0.05 0.74642401211
2.14679567332 0.882448411688 7.52254201393 8.25248315482 0.170811149938 -0.078423651045 0.982177826065 1.347 0.05 0.743186337061
2.31757494508 0.805738316951 8.25248315482 8.95412497777 0.29006890534 -0.128585388231 0.948327911689 1.397 0.05 0.739872584471
2.53237700579 0.826894443429 8.95412497777 9.64500044339 0.291910581937 0.18662643437 0.93806118465 1.447 0.05 0.736492967546
2.46084467949 0.7773248762 9.64500044339 10.2393034123 -0.488440237484 -0.322741687713 0.81071816152 1.497 0.05 0.733057426225
2.05538270515 0.613633176137 10.2393034123 10.8040569212 -0.620729498141 -0.124449319971 0.774084786633 1.547 0.05 0.729575776037
1.60828126544 0.522312036698 10.8040569212 11.3732241164 -0.60784769376 -0.126500724423 0.783912461893 1.597 0.05 0.726059634076
1.2023568385 0.281274061154 11.3732241164 11.8553847092 -0.512807733516 -0.540092279996 0.667329422051 1.647 0.05 0.722522605592
0.853896962004 -0.0850187023021 11.8553847092 12.3968470227 -0.45398405042 -0.476171197884 0.753099908558 1.697 0.05 0.718978062994
0.472076314074 -0.521266987203 12.3968470227 12.5959161127 -0.61114475855 -0.74099959871 0.27824751357 1.747 0.05 0.715438881771
0.18423304319 -1.13549659717 12.5959161127 12.5986723101 -0.194474668851 -0.98089990037 0.00387151515208 1.797 0.05 0.711916980906
-0.0788203382001 -1.77695879117 12.5986723101 12.499603189 -0.547215174681 -0.825226486854 -0.139845622005 1.847 0.05 0.708417751566
-0.416580400279 -2.37825508465 12.499603189 12.6789519065 -0.40835160361 -0.876653221177 0.254417172433 1.897 0.05 0.704939512773
-0.812295646532 -2.86564085235 12.6789519065 13.012417308 -0.717864197073 -0.508616192656 0.475374129638 1.947 0.05 0.701479909529
-1.35814425981 -3.17604010663 13.012417308 13.2801013817 -0.842548731423 -0.378224350401 0.383481389303 1.997 0.05 0.69803667445
-1.96387039784 -3.39488144545 13.2801013817 13.532665332 -0.897373140722 -0.250023417365 0.363606569083 2.047 0.05 0.694607775982
-2.58657200043 -3.47575480977 13.532665332 13.8336991684 -0.900010047779 0.0172476825153 0.435527761852 2.097 0.05 0.691193220803
-3.17771464336 -3.33459617124 13.8336991684 14.1271602004 -0.814493058926 0.393134152977 0.426669186518 2.147 0.05 0.687795231706
-3.66887712992 -3.01713552794 14.1271602004 14.5238476498 -0.616760010643 0.532607937986 0.57959975299 2.197 0.05 0.684416180752
-3.84478893437 -2.67272441379 14.5238476498 15.1186000669 0.103217180365 0.476165867509 0.873276748973 2.247 0.05 0.681058344731
-3.82788996771 -2.35094933087 15.1186000669 15.715303316 -0.0538552473422 0.471067088918 0.880451821551 2.297 0.05 0.677723907729
-3.7835217162 -2.05020178305 15.715303316 16.3148792129 0.185695007423 0.418498524622 0.889031129436 2.347 0.05 0.674414963805
-3.6125930401 -1.91213427176 16.3148792129 16.9500625564 0.322770140517 -0.00909900128244 0.946433645094 2.397 0.05 0.671133519744
-3.50428210987 -1.91518759414 16.9500625564 17.6179440543 0.0 0.0 1.0 2.447 0.05 0.667881497887
