# x0 y0 zi zf ux uy uz E deltaE deltaX
-0.0 -0.0 -0.0 -0.0837372680051 0.679385979216 0.445984014062 -0.582694560165 0.047 0.047 0.143706967131
0.207880395592 0.0562249798662 -0.0837372680051 -0.0386955730387 0.979097541791 0.148833441914 0.138623988641 0.097 0.05 0.324919917599
0.545656424582 0.138527825423 -0.0386955730387 -0.275117133711 0.804959059654 0.261800911785 -0.532448302532 0.147 0.05 0.444027259638
0.734942989336 0.165193959722 -0.275117133711 -0.799300422585 0.0400276510129 -0.119073015467 -0.992078325608 0.197 0.05 0.528368854902
1.03606531695 0.0919701439515 -0.799300422585 -0.857473552353 0.98500116677 -0.141595122272 -0.0986079246805 0.247 0.05 0.589943759147
1.61991185518 -0.0377371724002 -0.857473552353 -0.687435696902 0.922953391282 -0.276732041836 0.267537688079 0.297 0.05 0.635565989493
2.01913820259 -0.171458573091 -0.687435696902 -1.31624855656 0.316281832465 -0.136693478041 -0.93876551679 0.347 0.05 0.66982952443
2.45469826121 -0.105687247904 -1.31624855656 -1.31298181558 0.947219470407 0.320551470271 0.00469359012091 0.397 0.05 0.696000481839
2.89165568071 -0.29002351502 -1.31298181558 -1.65361471434 0.299892763813 -0.826786856086 -0.475907369996 0.447 0.05 0.715754619993
3.22277259555 -0.807852730292 -1.65361471434 -2.02260996891 0.612772523694 -0.607703856346 -0.505179034787 0.497 0.05 0.730424719072
3.45419701823 -1.4003926694 -2.02260996891 -2.01159140347 0.0205879215207 -0.999677590704 0.0148610945448 0.547 0.05 0.741437005856
3.36904777871 -2.0582231014 -2.01159140347 -1.56691656184 -0.247488564446 -0.766170535229 0.59307008137 0.597 0.05 0.749784647025
3.23293322804 -2.34503925657 -1.56691656184 -0.816279383424 -0.114694554822 0.00109921576935 0.993400196708 0.647 0.05 0.755624149167
2.88741189992 -2.43936539169 -0.816279383424 -0.396637865428 -0.795457033176 -0.249389961266 0.552315811462 0.697 0.05 0.759785451163
2.35655762056 -2.59330323943 -0.396637865428 -0.995057052666 -0.599847308636 -0.155286837876 -0.7849007608 0.747 0.05 0.762413819841
1.75133710319 -2.5901875023 -0.995057052666 -1.01872878551 -0.986109132323 0.163181080259 -0.030995389878 0.797 0.05 0.763717860588
1.00249833722 -2.61338290807 -1.01872878551 -1.00512791836 -0.974468093553 -0.223819303435 0.0178003948686 0.847 0.05 0.764076710171
0.67139067266 -3.00930912283 -1.00512791836 -0.567933410094 0.107822980329 -0.812848250414 0.572408880706 0.897 0.05 0.763780093223
0.675422331909 -3.32892892441 -0.567933410094 0.191199957527 -0.097367639701 -0.0241189148279 0.994956190335 0.947 0.05 0.762981702104
0.510833534599 -3.1141488701 0.191199957527 0.752105548752 -0.334611131313 0.588075089227 0.736344403273 0.997 0.05 0.761743538393
0.0940583001733 -2.6554721646 0.752105548752 0.902062933227 -0.761354962357 0.617584711692 0.197301153517 1.047 0.05 0.760043120895
-0.502054000236 -2.23987486328 0.902062933227 0.643121420712 -0.80955643289 0.477377061994 -0.341657024879 1.097 0.05 0.757898985412
-0.750876912913 -1.91437475672 0.643121420712 -0.0450185549551 0.153452920375 0.38284619646 -0.910978040945 1.147 0.05 0.755385909142
-0.801014515053 -2.03879573009 -0.0450185549551 -0.52476681789 -0.287265462682 -0.714921657996 -0.637468098714 1.197 0.05 0.752583955029
-1.06450949106 -2.43673280745 -0.52476681789 -1.15625940601 -0.414634846517 -0.3439771849 -0.842471151032 1.247 0.05 0.749571765566
-1.30443911995 -2.77592927666 -1.15625940601 -1.74930139794 -0.226494165606 -0.563429559884 -0.794510870911 1.297 0.05 0.74642401211
-1.55569957379 -3.22975549717 -1.74930139794 -2.2008194879 -0.448689927718 -0.655414482348 -0.607543582876 1.347 0.05 0.743186337061
-1.87488659678 -3.75397684551 -2.2008194879 -2.57408596777 -0.412116665127 -0.758708485852 -0.504501028563 1.397 0.05 0.739872584471
-2.21874171972 -4.23450041435 -2.57408596777 -3.06001711044 -0.519755707952 -0.542706511803 -0.659790607767 1.447 0.05 0.736492967546
-2.69731432589 -4.53162252626 -3.06001711044 -3.47190182859 -0.783497674326 -0.265388068506 -0.561872376453 1.497 0.05 0.733057426225
-3.26526047062 -4.48780313097 -3.47190182859 -3.84247191697 -0.769684958438 0.386777486725 -0.507925428107 1.547 0.05 0.729575776037
-3.89075046383 -4.42655832022 -3.84247191697 -4.00476114815 -0.949559035115 -0.219945932845 -0.223520525803 1.597 0.05 0.726059634076
-4.58581633916 -4.59152650048 -4.00476114815 -4.05039614881 -0.969790093302 -0.235622381483 -0.063160654506 1.647 0.05 0.722522605592
-5.29154996081 -4.73052910907 -4.05039614881 -4.06134357705 -0.98858646015 -0.149883182414 -0.0152263730981 1.697 0.05 0.718978062994
-5.92160125816 -4.88132035673 -4.06134357705 -3.64598522319 -0.76782326271 -0.27091031826 0.58056441219 1.747 0.05 0.715438881771
-6.44604414445 -4.83747388302 -3.64598522319 -3.22405984978 -0.701704228882 0.395429144306 0.592660920766 1.797 0.05 0.711916980906
-6.79935602471 -4.72907753226 -3.22405984978 -2.5496789317 -0.292297311784 -0.0913585535116 0.951953725884 1.847 0.05 0.708417751566
-6.89990295257 -4.82073926854 -2.5496789317 -1.85481402372 0.00847554800368 -0.168246281189 0.985708554265 1.897 0.05 0.704939512773
-6.90083812743 -4.93632223465 -1.85481402372 -1.16246858549 -0.0111836394706 -0.160464297288 0.986978285224 1.947 0.05 0.701479909529
-6.906522247 -5.00898345547 -1.16246858549 -0.465209973986 -0.00504721437309 -0.0469315754892 0.998885355208 1.997 0.05 0.69803667445
-6.98880738637 -5.07259706477 -0.465209973986 0.203833910241 -0.231853347392 -0.136000864059 0.963196651924 2.047 0.05 0.694607775982
-7.06925964483 -5.10047116227 0.203833910241 0.893941787552 0.000206340366615 0.0560177118808 0.998429753853 2.097 0.05 0.691193220803
-7.19623519511 -4.95675936494 0.893941787552 1.48270720533 -0.369432223298 0.361596766741 0.856018463978 2.147 0.05 0.687795231706
-7.49550719629 -4.61431939668 1.48270720533 1.88211993551 -0.503276062755 0.637295576623 0.58358165896 2.197 0.05 0.684416180752
-7.75363960145 -4.21717803551 1.88211993551 2.43536435284 -0.252275786523 0.525810043373 0.812330428965 2.247 0.05 0.681058344731
-7.80282326524 -3.84382189619 2.43536435284 2.98572913008 0.108373337821 0.573397155422 0.812078150059 2.297 0.05 0.677723907729
-7.68049836954 -3.50715005345 2.98572913008 3.57262697083 0.253853485728 0.422201077848 0.870232530791 2.347 0.05 0.674414963805
-7.60982719909 -3.31524199031 3.57262697083 4.23573498267 -0.0444922621346 0.147626960552 0.98804186102 2.397 0.05 0.671133519744
-7.62475732334 -3.26570328948 4.23573498267 4.90361648056 0.0 0.0 1.0 2.447 0.05 0.667881497887
