# x0 y0 zi zf ux uy uz E deltaE deltaX
-0.0 -0.0 -0.0 -0.110958037966 -0.612816290426 -0.168218576966 -0.772113142326 0.047 0.047 0.143706967131
-0.199848649584 0.0162216235493 -0.110958037966 -0.0384781467776 -0.959101956459 0.174250409233 0.223070015909 0.097 0.05 0.324919917599
-0.56005704854 0.053374402591 -0.0384781467776 -0.21093619242 -0.920631471104 0.0398356837102 -0.388395175969 0.147 0.05 0.444027259638
-0.970614968952 0.136557401596 -0.21093619242 -0.505982295454 -0.780383566799 0.28139029611 -0.558409339038 0.197 0.05 0.528368854902
-1.2369312732 0.499499781951 -0.505982295454 -0.525811929205 -0.203921534982 0.978410031847 -0.0336127528156 0.247 0.05 0.589943759147
-1.34973055705 1.09218171313 -0.525811929205 -0.374148125523 -0.165673325066 0.956874628651 0.238627941378 0.297 0.05 0.635565989493
-1.3530290196 1.39914169819 -0.374148125523 0.288344747607 0.147350037702 0.00860368159131 0.989046987282 0.347 0.05 0.66982952443
-1.38394583244 1.72504770856 0.288344747607 0.491486272926 -0.230650747451 0.928230709086 0.291869805582 0.397 0.05 0.696000481839
-1.22796497252 2.16926024181 0.491486272926 0.971389636733 0.660135104965 0.338630082083 0.670485876586 0.447 0.05 0.715754619993
-1.20188799991 2.1717164399 0.971389636733 1.51951817294 -0.575474508201 -0.325103523118 0.750424406364 0.497 0.05 0.730424719072
-1.65811881661 1.85635671326 1.51951817294 1.12849925048 -0.663739230052 -0.530396784395 -0.527379830477 0.547 0.05 0.741437005856
-2.15799983052 1.38437383182 1.12849925048 1.09391645913 -0.677049340016 -0.734490845232 -0.0461236322798 0.597 0.05 0.749784647025
-2.1854474834 0.806991088814 1.09391645913 1.06066093139 0.599168111762 -0.799412680949 -0.0440106735348 0.647 0.05 0.755624149167
-1.6616291498 0.687059142234 1.06066093139 1.36189730779 0.782972050378 0.479334834799 0.396475578661 0.697 0.05 0.759785451163
-1.12362234986 0.710030002068 1.36189730779 1.86040773888 0.631052080669 -0.417424115047 0.653858073025 0.747 0.05 0.762413819841
-0.923390777518 0.482858615254 1.86040773888 2.6075608154 -0.105614503511 -0.178197822263 0.978310335624 0.797 0.05 0.763717860588
-0.924871825461 0.580103179189 2.6075608154 3.29202546285 0.101688201916 0.432655495252 0.895806191103 0.847 0.05 0.764076710171
-0.74833525756 0.483336299712 3.29202546285 3.77455113281 0.360542977568 -0.686212891714 0.631759945368 0.897 0.05 0.763780093223
-0.660033350879 -0.0726649910296 3.77455113281 4.25075937626 -0.129454920587 -0.770512364134 0.624141106042 0.947 0.05 0.762981702104
-0.862901286987 -0.713845620353 4.25075937626 4.18967327178 -0.402975701256 -0.911690600005 -0.080192481321 0.997 0.05 0.761743538393
-1.17581052008 -1.40427916179 4.18967327178 4.11994107443 -0.419521367739 -0.903096996 -0.0917476856669 1.047 0.05 0.760043120895
-1.25367735789 -1.97661777051 4.11994107443 3.53875453974 0.215227434177 -0.604677624532 -0.766839045673 1.097 0.05 0.757898985412
-1.16166289712 -2.20896381448 3.53875453974 2.7836852319 0.027678921843 -0.00848245872398 -0.999580874757 1.147 0.05 0.755385909142
-1.13830823724 -2.19686017327 2.7836852319 2.03216700302 0.0342832876682 0.0406795972909 -0.998583910621 1.197 0.05 0.752583955029
-1.25583825821 -2.09223067934 2.03216700302 1.35253800144 -0.348013500724 0.238328314707 -0.906689703108 1.247 0.05 0.749571765566
-1.49963412844 -2.26233319223 1.35253800144 0.866186764085 -0.303755831249 -0.695113223863 -0.65157501563 1.297 0.05 0.74642401211
-1.60280502543 -2.87769763761 0.866186764085 0.653730805803 0.027434374478 -0.957875103235 -0.285871722456 1.347 0.05 0.743186337061
-1.71775950386 -3.55417565868 0.653730805803 0.382099515518 -0.338298531932 -0.866468586974 -0.367132525229 1.397 0.05 0.739872584471
-1.9518356251 -4.20077578587 0.382099515518 0.646099049822 -0.295799746834 -0.885444845111 0.358454928882 1.447 0.05 0.736492967546
-1.87386510505 -4.79687967039 0.646099049822 0.971613335669 0.50991294826 -0.73675519561 0.444050185159 1.497 0.05 0.733057426225
-1.51707433756 -5.31909061504 0.971613335669 1.37468827296 0.465731007927 -0.691275722726 0.55247850947 1.547 0.05 0.729575776037
-1.06317999364 -5.78818770257 1.37468827296 1.50237714118 0.782308504227 -0.597548924132 0.175865538077 1.597 0.05 0.726059634076
-0.626727048476 -6.29918895463 1.50237714118 1.79074632312 0.421998234588 -0.814017923262 0.399114407924 1.647 0.05 0.722522605592
-0.416145295499 -6.93124585633 1.79074632312 1.5751517629 0.161702071215 -0.940178132369 -0.299862501124 1.697 0.05 0.718978062994
-0.356528674755 -7.59095695299 1.5751517629 1.2624059375 0.00415549059524 -0.899384639612 -0.437138424218 1.747 0.05 0.715438881771
-0.197555456109 -8.19629352945 1.2624059375 0.969351686187 0.442430011076 -0.796747973842 -0.411641046882 1.797 0.05 0.711916980906
0.18124259816 -8.73196063459 0.969351686187 1.19696571044 0.624804601255 -0.711608083069 0.321299153999 1.847 0.05 0.708417751566
0.722801857192 -9.09308739956 1.19696571044 1.39475528622 0.908582702021 -0.309441771632 0.280576662532 1.897 0.05 0.704939512773
1.25125984749 -9.30356770147 1.39475528622 1.92156760442 0.59363087617 -0.28913568206 0.751001291755 1.947 0.05 0.701479909529
1.73457973186 -9.50413624589 1.92156760442 2.30259912947 0.78823886421 -0.28410286165 0.545861756263 1.997 0.05 0.69803667445
2.24944185112 -9.70205646296 2.30259912947 2.76470159812 0.690324265942 -0.284370869751 0.665271084814 2.047 0.05 0.694607775982
2.62160948881 -9.91556336898 2.76470159812 3.36047691432 0.383149985173 -0.332016558824 0.861951909058 2.097 0.05 0.691193220803
2.87208520437 -10.0005212374 3.36047691432 4.00371906294 0.343300953448 0.0866127810412 0.93522333243 2.147 0.05 0.687795231706
3.14522280246 -9.77899251471 4.00371906294 4.47823833291 0.453166430137 0.560310522132 0.693319771379 2.197 0.05 0.684416180752
3.32016379212 -9.38982978107 4.47823833291 5.03173960729 0.0583320684234 0.579744573638 0.812707572951 2.247 0.05 0.681058344731
3.39073465196 -9.15201950711 5.03173960729 5.69694584848 0.149639368704 0.119194066039 0.981529843639 2.297 0.05 0.677723907729
3.48527246415 -8.97680864763 5.69694584848 6.30886473029 0.129981467464 0.399814750907 0.907332895399 2.347 0.05 0.674414963805
3.6357751128 -8.81119415003 6.30886473029 6.94219839261 0.317885851848 0.0917670517349 0.943677589758 2.397 0.05 0.671133519744
3.74244703812 -8.78040017782 6.94219839261 7.61007989049 0.0 0.0 1.0 2.447 0.05 0.667881497887
