# x0 y0 zi zf ux uy uz E deltaE deltaX
-0.0 -0.0 -0.0 0.0972592511776 -0.139946228275 -0.722753146971 0.676788697996 0.047 0.047 0.143706967131
-0.108352268068 -0.175541190347 0.0972592511776 0.0210527432512 -0.605051514115 -0.76085738229 -0.23453935508 0.097 0.05 0.324919917599
-0.422008910453 -0.24535957683 0.0210527432512 0.0128776559112 -0.970030526981 0.242284550454 -0.0184112285059 0.147 0.05 0.444027259638
-0.841185459443 -0.192900714929 0.0128776559112 -0.323279760774 -0.771493432167 -0.0050404583154 -0.636217319713 0.197 0.05 0.528368854902
-1.24453618608 -0.195210095875 -0.323279760774 0.111201844455 -0.676451518929 -0.00331479174507 0.736479704197 0.247 0.05 0.589943759147
-1.73601266154 -0.0779227625855 0.111201844455 0.19532296623 -0.91868446176 0.372156803844 0.132356235491 0.297 0.05 0.635565989493
-2.32959352897 -0.0479923491123 0.19532296623 -0.0360127620523 -0.900642796223 -0.263752751845 -0.345365081481 0.347 0.05 0.66982952443
-2.84264612289 0.0544827668327 -0.0360127620523 -0.436012238 -0.607511148334 0.548303660964 -0.574711492858 0.397 0.05 0.696000481839
-3.05360758915 0.322595152663 -0.436012238 -1.13486923444 0.00126456667849 0.216003019913 -0.976391876379 0.447 0.05 0.715754619993
-2.88844466773 0.725822807211 -1.13486923444 -1.12519247803 0.450998870655 0.892426190735 0.0132481228584 0.497 0.05 0.730424719072
-3.03598231487 1.235329066 -1.12519247803 -1.28307013043 -0.84227791809 0.495203726034 -0.212934681111 0.547 0.05 0.741437005856
-3.45780169964 1.57723224641 -1.28307013043 -1.92641300401 -0.292274258644 0.422313252415 -0.858036872499 0.597 0.05 0.749784647025
-3.69352198321 1.48570784681 -1.92641300401 -2.4339765771 -0.333893266352 -0.66129807081 -0.671714335285 0.647 0.05 0.755624149167
-3.64285000059 1.1712250103 -2.4339765771 -3.09390077358 0.465449529226 -0.170143927756 -0.868566508444 0.697 0.05 0.759785451163
-3.25799298373 0.806455637363 -3.09390077358 -3.31262343863 0.545730208879 -0.787322906977 -0.28688182108 0.747 0.05 0.762413819841
-2.69012424656 0.405191628696 -3.31262343863 -3.46894669894 0.94231817576 -0.26483884012 -0.204687186695 0.797 0.05 0.763717860588
-2.1375044202 0.623537732751 -3.46894669894 -3.30498663679 0.504627907654 0.836243733098 0.214585865495 0.847 0.05 0.764076710171
-1.68924449691 1.19692491552 -3.30498663679 -3.5587850925 0.668969274767 0.664877246152 -0.332292577359 0.897 0.05 0.763780093223
-1.11399848714 1.65622814347 -3.5587850925 -3.62493424388 0.838220107672 0.538396202318 -0.0866982146471 0.947 0.05 0.762981702104
-0.596666304987 1.57703967898 -3.62493424388 -3.94145947388 0.518701820101 -0.74718504476 -0.415527292378 0.997 0.05 0.761743538393
-0.466167308581 0.990022771379 -3.94145947388 -4.38169712576 -0.176463365453 -0.795836997586 -0.579227204062 1.047 0.05 0.760043120895
-0.638582668032 0.547118513386 -4.38169712576 -5.05332616153 -0.278019836357 -0.370680111762 -0.886172232321 1.097 0.05 0.757898985412
-0.766482404788 0.120291398285 -5.05332616153 -5.54380664938 -0.059689386664 -0.758176903558 -0.649311142697 1.147 0.05 0.755385909142
-0.971006217389 -0.433438205901 -5.54380664938 -5.9284704524 -0.483612627081 -0.7105427311 -0.511124108421 1.197 0.05 0.752583955029
-1.29228950691 -1.04490883647 -5.9284704524 -6.03151869671 -0.371688860557 -0.91812183163 -0.137476155103 1.247 0.05 0.749571765566
-1.60890600525 -1.71069881163 -6.03151869671 -5.8994222475 -0.475099294081 -0.86195210437 0.176972400495 1.297 0.05 0.74642401211
-1.85725112366 -2.26884214906 -5.8994222475 -5.34399045301 -0.19115625313 -0.636320803124 0.74736545438 1.347 0.05 0.743186337061
-2.1978317162 -2.70793072823 -5.34399045301 -5.03978516674 -0.728634201129 -0.547759492627 0.411159019336 1.397 0.05 0.739872584471
-2.73151156115 -2.94225741161 -5.03978516674 -4.53052816587 -0.717268519391 -0.0860580318829 0.691462136519 1.447 0.05 0.736492967546
-3.03103630848 -3.07175831587 -4.53052816587 -3.82760921911 -0.09656306826 -0.266855864533 0.958886605086 1.497 0.05 0.733057426225
-3.18748489477 -3.29513735775 -3.82760921911 -3.18683380842 -0.331851613286 -0.344223888436 0.878284931779 1.547 0.05 0.729575776037
-3.44656191114 -3.54864589582 -3.18683380842 -2.56595670554 -0.380193473771 -0.352422381853 0.855132379969 1.597 0.05 0.726059634076
-3.66734859392 -3.68733883242 -2.56595670554 -1.86298007633 -0.229100418217 -0.0297654459794 0.972947591907 1.647 0.05 0.722522605592
-3.84802195769 -3.8448359954 -1.86298007633 -1.23652171445 -0.272353923598 -0.40820177065 0.871317769094 1.697 0.05 0.718978062994
-4.2381849489 -4.16189830234 -1.23652171445 -1.00378101696 -0.816994296613 -0.476122425264 0.325311781929 1.747 0.05 0.715438881771
-4.84273480382 -4.49144954495 -1.00378101696 -0.88011916609 -0.8773357577 -0.447335852695 0.173702628522 1.797 0.05 0.711916980906
-5.42247464458 -4.82702808283 -0.88011916609 -0.577864345356 -0.75504807222 -0.497857493359 0.4266618391 1.847 0.05 0.708417751566
-5.9596697831 -5.14087425098 -0.577864345356 -0.216958686102 -0.765315051332 -0.390106165544 0.511966846396 1.897 0.05 0.704939512773
-6.46070557254 -5.48613192597 -0.216958686102 0.107772570321 -0.659421250967 -0.592339273109 0.462923103016 1.947 0.05 0.701479909529
-6.85543796934 -5.9792115237 0.107772570321 0.34178039934 -0.468304956011 -0.817500163853 0.335237155273 1.997 0.05 0.69803667445
-7.14810626926 -6.52257179681 0.34178039934 0.72824324629 -0.372069784799 -0.742973903168 0.556375641497 2.047 0.05 0.694607775982
-7.38544345877 -7.00644017401 0.72824324629 1.20468205449 -0.312838446293 -0.653451582449 0.689299017783 2.097 0.05 0.691193220803
-7.72794937755 -7.39950514141 1.20468205449 1.58076489716 -0.681569168657 -0.486290999794 0.546794780384 2.147 0.05 0.687795231706
-8.1551205185 -7.79602787931 1.58076489716 1.91163425396 -0.563344743236 -0.670026305379 0.483432984362 2.197 0.05 0.684416180752
-8.50248171906 -8.15232377022 1.91163425396 2.46275754908 -0.453940761334 -0.372970889868 0.809215978902 2.247 0.05 0.681058344731
-8.84878735771 -8.29931120499 2.46275754908 3.02014262863 -0.565792543842 -0.0589619640035 0.822436796437 2.297 0.05 0.677723907729
-9.18560335848 -8.26331770251 3.02014262863 3.61855593943 -0.430270506046 0.165991182918 0.887307285455 2.347 0.05 0.674414963805
-9.28553722349 -8.19687304719 3.61855593943 4.28325523647 0.134568062972 0.031204480786 0.990412902181 2.397 0.05 0.671133519744
-9.24038065461 -8.18640186068 4.28325523647 4.95113673436 0.0 0.0 1.0 2.447 0.05 0.667881497887
