# x0 y0 zi zf ux uy uz E deltaE deltaX
-0.0 -0.0 -0.0 0.112463157303 0.176623840385 0.596960734179 0.782586673063 0.047 0.047 0.143706967131
-0.0990999231032 -0.0079636168011 0.112463157303 0.325155909079 -0.688113933684 -0.313045291157 0.654600534643 0.097 0.05 0.324919917599
-0.397522607136 -0.160708983536 0.325155909079 0.197445629562 -0.840631824584 -0.458926966395 -0.287618106198 0.147 0.05 0.444027259638
-0.682711366965 -0.346746395064 0.197445629562 0.657875019106 -0.373061493682 -0.318525095175 0.871416597085 0.197 0.05 0.528368854902
-0.984136693283 -0.594023196528 0.657875019106 0.380441725902 -0.68775467512 -0.553027060756 -0.47027074853 0.247 0.05 0.589943759147
-1.37041765302 -0.909571223855 0.380441725902 -0.0396239167051 -0.57716326414 -0.479637357192 -0.660931594125 0.297 0.05 0.635565989493
-1.50465567288 -1.18507122383 -0.0396239167051 -0.654770117008 0.146827360969 -0.367494712399 -0.918362326334 0.347 0.05 0.66982952443
-1.44389607377 -1.30517374375 -0.654770117008 -1.3503593487 0.0332900586154 0.00855425932059 -0.999409123755 0.397 0.05 0.696000481839
-1.70475012776 -1.43544605495 -1.3503593487 -1.73034782682 -0.761263692313 -0.372332058459 -0.530892106751 0.447 0.05 0.715754619993
-2.25283726558 -1.62215579358 -1.73034782682 -2.19742445148 -0.754761245678 -0.146382075321 -0.639458951025 0.497 0.05 0.730424719072
-2.48792882001 -1.74014374249 -2.19742445148 -2.92302375152 0.109399937345 -0.174060386197 -0.97863917542 0.547 0.05 0.741437005856
-2.51806274582 -2.15117173284 -2.92302375152 -3.1718968226 -0.188562161387 -0.924266950336 -0.331926069797 0.597 0.05 0.749784647025
-2.51915665405 -2.62453597884 -3.1718968226 -3.86990509926 0.184209566785 -0.335785089949 -0.923750620499 0.647 0.05 0.755624149167
-2.19476098852 -3.0295257298 -3.86990509926 -3.96027758995 0.670713203451 -0.732117439428 -0.118944750205 0.697 0.05 0.759785451163
-1.76406445773 -3.59114311003 -3.96027758995 -3.59143356616 0.461422548415 -0.743667765032 0.483784546123 0.747 0.05 0.762413819841
-1.38484672123 -3.98647085695 -3.59143356616 -2.98490338081 0.532448651903 -0.292873748236 0.794180962175 0.797 0.05 0.763717860588
-1.20294880655 -4.05778735385 -2.98490338081 -2.22634548524 -0.0560738409944 0.106062542611 0.992777145895 0.847 0.05 0.764076710171
-1.06755886118 -4.36054166636 -2.22634548524 -2.10950912924 0.410621603629 -0.898882479059 0.152971198182 0.897 0.05 0.763780093223
-0.835941520306 -4.8732738716 -2.10950912924 -1.4425054273 0.19608605899 -0.444199206739 0.874206681627 0.947 0.05 0.762981702104
-0.906488754597 -4.79713055103 -1.4425054273 -0.938060997514 -0.381630468758 0.644839743604 0.662223444453 0.997 0.05 0.761743538393
-1.24526827295 -4.61569233975 -0.938060997514 -0.296545944995 -0.508990190727 -0.168840532753 0.84405086354 1.047 0.05 0.760043120895
-1.64309220845 -4.7775817041 -0.296545944995 0.310987684103 -0.539377127839 -0.257887458637 0.801602378142 1.097 0.05 0.757898985412
-1.9814661444 -5.15894953265 0.310987684103 0.731699275478 -0.354725300952 -0.750984373637 0.556949217988 1.147 0.05 0.755385909142
-2.13056934213 -5.8015421111 0.731699275478 0.955493700751 -0.0401973777092 -0.953916354824 0.297368052796 1.197 0.05 0.752583955029
-2.21037399451 -6.30203408695 0.955493700751 1.63739485457 -0.172575074484 -0.377658046405 0.909720970217 1.247 0.05 0.749571765566
-2.35896694544 -6.4572791058 1.63739485457 2.36419000445 -0.224843381056 -0.0367193828398 0.973702799071 1.297 0.05 0.74642401211
-2.55714182694 -6.33777364306 2.36419000445 3.01926618125 -0.307488516704 0.358482309552 0.881442707063 1.347 0.05 0.743186337061
-2.70832200181 -6.11490603869 3.01926618125 3.73327247214 -0.0997997315583 0.242360722593 0.965039529618 1.397 0.05 0.739872584471
-2.71399118214 -5.80204354676 3.73327247214 4.31571098235 0.0848626224545 0.6061278917 0.790826981213 1.447 0.05 0.736492967546
-2.78133530761 -5.23486489171 4.31571098235 4.4745087277 -0.268995263565 0.93846451289 0.216623881937 1.497 0.05 0.733057426225
-3.22965905347 -4.84667224521 4.4745087277 4.66217201569 -0.958719490318 0.12121689821 0.257222476609 1.547 0.05 0.729575776037
-3.90200760249 -4.9213219477 4.66217201569 4.89521966748 -0.888685380088 -0.327433596923 0.320975910037 1.597 0.05 0.726059634076
-4.42738713965 -5.29292203056 4.89521966748 5.21474798237 -0.56125647739 -0.699582053531 0.442239886222 1.647 0.05 0.722522605592
-4.86371648752 -5.8159376946 5.21474798237 5.29535910893 -0.649725252175 -0.751855317657 0.112119034942 1.697 0.05 0.718978062994
-5.36980747215 -6.30849343977 5.29535910893 5.42635800031 -0.761831345572 -0.621358472018 0.183102840382 1.747 0.05 0.715438881771
-5.88957026964 -6.75805186485 5.42635800031 5.66231783125 -0.694577938545 -0.638519450952 0.331442903142 1.797 0.05 0.711916980906
-6.40097068778 -7.22129273967 5.66231783125 5.66837737645 -0.745773247623 -0.666144953069 0.00855363263558 1.847 0.05 0.708417751566
-6.88063507175 -7.66589100133 5.66837737645 6.0385683414 -0.611413820443 -0.59194811169 0.525138622877 1.897 0.05 0.704939512773
-7.42212493319 -7.97227801956 6.0385683414 6.20825714564 -0.929420719449 -0.278677151506 0.241901160576 1.947 0.05 0.701479909529
-8.08011293942 -8.14959269765 6.20825714564 6.35325607981 -0.951248085629 -0.227986492646 0.207723948446 1.997 0.05 0.69803667445
-8.58506273931 -8.48446313963 6.35325607981 6.67282977631 -0.497969590139 -0.735088158329 0.460077913816 2.047 0.05 0.694607775982
-8.81744875319 -8.88091593138 6.67282977631 7.29244124846 -0.17199022598 -0.408435187438 0.896437426611 2.097 0.05 0.691193220803
-9.02015429876 -9.13617507274 7.29244124846 7.87457632016 -0.416595811804 -0.331800279387 0.846378463919 2.147 0.05 0.687795231706
-9.31059006688 -9.2701108303 7.87457632016 8.49119380489 -0.430058393707 -0.0579484620542 0.900939372959 2.197 0.05 0.684416180752
-9.58312577535 -9.28440150053 8.49119380489 9.12432169852 -0.36815126865 0.0162680990881 0.929623575617 2.247 0.05 0.681058344731
-9.71148733519 -9.28945458524 9.12432169852 9.80168790219 -0.00883933113555 -0.03126006598 0.999472197963 2.297 0.05 0.677723907729
-9.75518029407 -9.36830489037 9.80168790219 10.4571068732 -0.120690222015 -0.202419761576 0.971833375859 2.347 0.05 0.674414963805
-9.9929406872 -9.40726199167 10.4571068732 10.9971543269 -0.587253479303 0.087316028557 0.804679602204 2.397 0.05 0.671133519744
-10.1900034345 -9.37796163488 10.9971543269 11.6650358248 0.0 0.0 1.0 2.447 0.05 0.667881497887
