# x0 y0 zi zf ux uy uz E deltaE deltaX
-0.0 -0.0 -0.0 0.120404206663 -0.352637064032 0.416728158557 0.837845297735 0.047 0.047 0.143706967131
-0.106677158239 0.147683230649 0.120404206663 -0.0334078541941 -0.50067079516 0.724731568487 -0.473384525003 0.097 0.05 0.324919917599
-0.200180592431 0.256111066175 -0.0334078541941 -0.47637676281 -0.054791579456 -0.0419434844534 -0.997616472866 0.147 0.05 0.444027259638
-0.342589467699 0.476058617101 -0.47637676281 -0.509231307842 -0.493005583584 0.867801249182 -0.062181078098 0.197 0.05 0.528368854902
-0.450102807034 0.720622498437 -0.509231307842 -1.09662380681 0.0770617813697 0.051883946368 -0.995675417976 0.247 0.05 0.589943759147
-0.216629749331 0.959166457232 -1.09662380681 -1.26079321411 0.663163236214 0.702490873665 -0.258304267389 0.297 0.05 0.635565989493
-0.126842803781 1.41050330412 -1.26079321411 -1.68745206314 -0.36115175354 0.681060433901 -0.636966322728 0.347 0.05 0.66982952443
-0.462072500934 1.85599088329 -1.68745206314 -1.35319488695 -0.615731307906 0.62468458446 0.48025423101 0.397 0.05 0.696000481839
-0.649042685786 2.01021048476 -1.35319488695 -0.650798737912 0.0762955847662 -0.176515198506 0.981336521506 0.447 0.05 0.715754619993
-0.838798911733 2.05426912591 -0.650798737912 -0.103929184696 -0.594341015356 0.293608424688 0.748700774955 0.497 0.05 0.730424719072
-1.41238539523 2.10542760401 -0.103929184696 0.0655123919984 -0.961715684787 -0.151249390077 0.228531318718 0.547 0.05 0.741437005856
-2.01985018014 1.84788300054 0.0655123919984 -0.31910297673 -0.669362828391 -0.537417395261 -0.512967783822 0.597 0.05 0.749784647025
-2.487408388 1.64662062754 -0.31910297673 -0.938192733672 -0.573351770411 0.000559227756949 -0.819309120315 0.647 0.05 0.755624149167
-2.89191129002 1.31858630374 -0.938192733672 -0.866833717738 -0.494570355061 -0.86404815017 0.0939199557255 0.697 0.05 0.759785451163
-3.41358978324 0.855735905071 -0.866833717738 -0.615586580752 -0.875626344541 -0.353101657816 0.329541687792 0.747 0.05 0.762413819841
-4.08264275305 0.677375812006 -0.615586580752 -0.970572127432 -0.877963379047 -0.114584988669 -0.464812419611 0.797 0.05 0.763717860588
-4.65129828935 0.934828265797 -0.970572127432 -0.915695672951 -0.610926563866 0.788422814051 0.0718206087823 0.847 0.05 0.764076710171
-5.25258746567 1.3235972094 -0.915695672951 -0.809325154291 -0.963344816253 0.229283767385 0.139268514071 0.897 0.05 0.763780093223
-5.88703793105 1.52509819961 -0.809325154291 -0.313343431871 -0.698728863001 0.298669814168 0.650057165267 0.947 0.05 0.762981702104
-6.29311972314 1.68421324043 -0.313343431871 0.389666668599 -0.366325715843 0.118610101587 0.922896047079 0.997 0.05 0.761743538393
-6.62362743467 1.82607914703 0.389666668599 1.01765452958 -0.502562506727 0.254434688521 0.826252937126 1.047 0.05 0.760043120895
-6.89716547231 2.24804023154 1.01765452958 1.36971589758 -0.217848159732 0.858347678003 0.464522812108 1.097 0.05 0.757898985412
-7.16498255699 2.80037623874 1.36971589758 1.8462474129 -0.490513875931 0.601190960281 0.630845121084 1.147 0.05 0.755385909142
-7.33490841167 3.3382772702 1.8462474129 2.26929224831 0.0407603172424 0.826048547383 0.562123112764 1.197 0.05 0.752583955029
-7.36229163598 3.79042020376 2.26929224831 2.95826704135 -0.113987763811 0.377035258332 0.919157877449 1.247 0.05 0.749571765566
-7.45107649679 3.8697649435 2.95826704135 3.68854353676 -0.123425440192 -0.166025613833 0.978366831135 1.297 0.05 0.74642401211
-7.54751314328 3.66764846873 3.68854353676 4.36942825239 -0.135558978525 -0.377169803548 0.916169581809 1.347 0.05 0.743186337061
-7.78796611209 3.47798816697 4.36942825239 4.99639391227 -0.513818682965 -0.13382460823 0.847396799185 1.397 0.05 0.739872584471
-7.95431690861 3.2887017025 4.99639391227 5.67611142114 0.0644388554538 -0.379582402702 0.922911064765 1.447 0.05 0.736492967546
-7.80010365236 2.99872656325 5.67611142114 6.29176925374 0.355999051761 -0.409777593896 0.839849390478 1.497 0.05 0.733057426225
-7.44016011817 2.87445204205 6.29176925374 6.85655800483 0.629022145225 0.0710569999987 0.774133091637 1.547 0.05 0.729575776037
-6.96137344985 2.98190947328 6.85655800483 7.35846818704 0.686794849201 0.224600554674 0.691279557018 1.597 0.05 0.726059634076
-6.54781763735 3.23265055326 7.35846818704 7.90585655385 0.454598382891 0.46837117731 0.757607253489 1.647 0.05 0.722522605592
-6.06421920848 3.52263306703 7.90585655385 8.13078364715 0.88839880173 0.335971675032 0.312842776264 1.697 0.05 0.718978062994
-5.56809866164 3.83803653936 8.13078364715 8.61593635251 0.494104881706 0.544072583193 0.678119008797 1.747 0.05 0.715438881771
-5.14074008479 4.22989934404 8.61593635251 8.93216179676 0.704036177109 0.554102429659 0.444188652228 1.797 0.05 0.711916980906
-4.58143181461 4.40695967384 8.93216179676 9.27718783057 0.871521400109 -0.0569639441385 0.487037532661 1.847 0.05 0.708417751566
-4.00375594277 4.47651652796 9.27718783057 9.69592427193 0.76311584644 0.254586349918 0.594003363077 1.897 0.05 0.704939512773
-3.51792706264 4.53002063242 9.69592427193 10.2424786325 0.618274652482 -0.103295572072 0.779144709851 1.947 0.05 0.701479909529
-3.11643964209 4.36617657789 10.2424786325 10.7770393281 0.529008872044 -0.365637436914 0.765806031594 1.997 0.05 0.69803667445
-2.7115358186 3.99429786307 10.7770393281 11.0000724043 0.634228507691 -0.703316470113 0.321092109681 2.047 0.05 0.694607775982
-2.21743462877 3.63444092184 11.0000724043 11.3527303632 0.792343312957 -0.334472020817 0.510216171542 2.097 0.05 0.691193220803
-1.65856496326 3.42893960302 11.3527303632 11.692936231 0.828846985683 -0.261440958047 0.494632489612 2.147 0.05 0.687795231706
-1.07243976352 3.35610349155 11.692936231 12.016427788 0.879835123474 0.0498901433572 0.472653286349 2.197 0.05 0.684416180752
-0.55715074716 3.48691611457 12.016427788 12.4945103704 0.629027808175 0.33400901176 0.701970082415 2.247 0.05 0.681058344731
-0.135186875468 3.70590460473 12.4945103704 12.9867919028 0.613115607728 0.310594555158 0.726374747541 2.297 0.05 0.677723907729
0.22338927124 3.81397313309 12.9867919028 13.5899697955 0.447245693 0.00836236052923 0.894372048434 2.347 0.05 0.674414963805
0.324039023524 3.85813499852 13.5899697955 14.2483902593 -0.149492880831 0.123200566447 0.981057337268 2.397 0.05 0.671133519744
0.273874181879 3.89947701342 14.2483902593 14.9162717572 0.0 0.0 1.0 2.447 0.05 0.667881497887
