# x0 y0 zi zf ux uy uz E deltaE deltaX
-0.0 -0.0 -0.0 0.141441385427 -0.0626066532633 0.165415955645 0.984234712142 0.047 0.047 0.143706967131
-0.0484602944671 0.166491670144 0.141441385427 0.0942143894662 -0.270600760093 0.951655771898 -0.145349648953 0.097 0.05 0.324919917599
-0.0800620173785 0.509193052715 0.0942143894662 -0.140369426457 0.0556725523316 0.847224673684 -0.528309491887 0.147 0.05 0.444027259638
-0.186335157171 0.925976553017 -0.140369426457 -0.023385007376 -0.449054497124 0.865637984164 0.221406727508 0.197 0.05 0.528368854902
-0.170234204194 1.26308386007 -0.023385007376 0.454528735993 0.45676950084 0.367557856639 0.810100515446 0.247 0.05 0.589943759147
-0.255875714608 1.4418987151 0.454528735993 0.890258251486 -0.693478481392 0.221521051705 0.68557714336 0.297 0.05 0.635565989493
-0.761317969917 1.68742311584 0.890258251486 0.859608593838 -0.851161605462 0.522905518914 -0.0457574002494 0.347 0.05 0.66982952443
-1.19158846654 1.67773808742 0.859608593838 0.346329529959 -0.41725232585 -0.53107378737 -0.737469408818 0.397 0.05 0.696000481839
-1.22078162482 1.42457588256 0.346329529959 -0.316833107355 0.32416347277 -0.190982767 -0.926522328728 0.447 0.05 0.715754619993
-1.19753930223 1.408128373 -0.316833107355 -1.01563317552 -0.254012293448 0.142111535919 -0.956703750456 0.497 0.05 0.730424719072
-1.59964597609 1.63366881559 -1.01563317552 -0.800306779008 -0.83442893293 0.468386530124 0.290417654916 0.547 0.05 0.741437005856
-1.87346901831 1.8230080316 -0.800306779008 -0.0545549564769 0.0947344087002 0.0418777920785 0.994621356265 0.597 0.05 0.749784647025
-1.73735577247 2.15535583628 -0.0545549564769 0.305200247126 0.266264764978 0.838110169575 0.476103369644 0.647 0.05 0.755624149167
-1.69133096089 2.30022355265 0.305200247126 0.974025278783 -0.143654321312 -0.452181402683 0.880281440811 0.697 0.05 0.759785451163
-2.0525439396 2.07985676903 0.974025278783 1.41642844113 -0.80439189076 -0.12745403304 0.580266452194 0.747 0.05 0.762413819841
-2.50245794229 2.26534355607 1.41642844113 1.94745948746 -0.375202055743 0.61298329451 0.695323592306 0.797 0.05 0.763717860588
-2.66907074152 2.60689500023 1.94745948746 2.67918903416 -0.0610895300862 0.281328556669 0.957665031478 0.847 0.05 0.764076710171
-2.76411308854 2.36919922527 2.67918903416 2.97281076988 -0.187760335887 -0.903857215054 0.384432297113 0.897 0.05 0.763780093223
-2.93248110522 1.71263982464 2.97281076988 2.57667706689 -0.253385403591 -0.816232750498 -0.519191616131 0.947 0.05 0.762981702104
-3.25332329889 1.09334627996 2.57667706689 2.57719449492 -0.58859174804 -0.808430140911 0.000679268030193 0.997 0.05 0.761743538393
-3.7948508993 0.994306691848 2.57719449492 2.59502710759 -0.83508319799 0.54962310477 0.0234626328173 1.047 0.05 0.760043120895
-3.99421639391 1.53404216309 2.59502710759 2.31070617978 0.311345252255 0.873115936759 -0.375143565687 1.097 0.05 0.757898985412
-3.88900385215 2.23844377779 2.31070617978 2.41952947964 -0.0338147256496 0.988990577861 0.144063184855 1.147 0.05 0.755385909142
-4.13751640439 2.87502627499 2.41952947964 2.6789730617 -0.626484173701 0.699052170968 0.344737062654 1.197 0.05 0.752583955029
-4.51890815776 3.33234965655 2.6789730617 3.2499626435 -0.388623988942 0.518364396016 0.761754388344 1.247 0.05 0.749571765566
-4.96461926069 3.64136691794 3.2499626435 3.62988564266 -0.803994280188 0.307443495296 0.508990859078 1.297 0.05 0.74642401211
-5.56874910688 3.85999548098 3.62988564266 4.00314536292 -0.818286109027 0.279571768837 0.5022424413 1.347 0.05 0.743186337061
-6.20369571134 4.11885985336 4.00314536292 4.11899392038 -0.894416372203 0.418930005559 0.156579064941 1.397 0.05 0.739872584471
-6.88374344841 4.36672709094 4.11899392038 3.97677151632 -0.948198220512 0.25224904706 -0.193107619929 1.447 0.05 0.736492967546
-7.51449442767 4.62247237178 3.97677151632 3.63893177874 -0.768235362083 0.444318413267 -0.460863945299 1.497 0.05 0.733057426225
-8.07568936866 4.95379226168 3.63893177874 3.31332096324 -0.766512901187 0.461814767453 -0.446301571671 1.547 0.05 0.729575776037
-8.64267636054 5.33230244581 3.31332096324 3.45598913791 -0.791594398108 0.578590905195 0.196496496941 1.597 0.05 0.726059634076
-9.12746468302 5.82790971372 3.45598913791 3.65590202055 -0.54646304887 0.790456977389 0.276687374335 1.647 0.05 0.722522605592
-9.5498270893 6.38347061013 3.65590202055 3.50448481853 -0.625739406799 0.751064303231 -0.210600586871 1.697 0.05 0.718978062994
-9.91688717235 6.98173254708 3.50448481853 3.49797093832 -0.397276785901 0.917653670627 -0.00910473330109 1.747 0.05 0.715438881771
-10.1955895655 7.63135663689 3.49797093832 3.63619861273 -0.383721043561 0.902806199172 0.194162631485 1.797 0.05 0.711916980906
-10.5223841457 8.2515133259 3.63619861273 3.63085858144 -0.536987720538 0.843556380457 -0.00753796933657 1.847 0.05 0.708417751566
-10.8981502372 8.81365799407 3.63085858144 3.9168610197 -0.526457295588 0.747154915338 0.405712026453 1.897 0.05 0.704939512773
-11.3251027083 9.19998890307 3.9168610197 4.36238946623 -0.68823694889 0.35063412747 0.635126452635 1.947 0.05 0.701479909529
-11.8666683302 9.36430920242 4.36238946623 4.70880430168 -0.860050586245 0.118443350767 0.496270250729 1.997 0.05 0.69803667445
-12.4962297989 9.39664027026 4.70880430168 4.92827973589 -0.948414499735 -0.0259364602999 0.31597030987 2.047 0.05 0.694607775982
-13.144067622 9.50554607404 4.92827973589 5.05670292583 -0.921449372882 0.341188639407 0.185799261447 2.097 0.05 0.691193220803
-13.6663356241 9.70236473215 5.05670292583 5.58773098608 -0.592671227617 0.229443349381 0.772072901596 2.147 0.05 0.687795231706
-13.9606295746 9.88789276361 5.58773098608 6.21239746767 -0.264388045963 0.31157361159 0.912699756608 2.197 0.05 0.684416180752
-14.2634243643 10.0777919684 6.21239746767 6.71814763872 -0.623497422972 0.244549368771 0.742594485423 2.247 0.05 0.681058344731
-14.6227411626 10.2359577498 6.71814763872 7.3101295265 -0.433798292104 0.221003232671 0.873485324958 2.297 0.05 0.677723907729
-14.8761735578 10.382888745 7.3101295265 7.93363761751 -0.315635518361 0.213641190813 0.92451698802 2.347 0.05 0.674414963805
-15.0283908039 10.5600194514 7.93363761751 8.56439983687 -0.136433619884 0.313169571611 0.939846097392 2.397 0.05 0.671133519744
-15.0741733916 10.6651087499 8.56439983687 9.23228133476 0.0 0.0 1.0 2.447 0.05 0.667881497887
