# x0 y0 zi zf ux uy uz E deltaE deltaX
-0.0 -0.0 -0.0 0.0368989101191 -0.00953516750549 -0.966426845951 0.256764935311 0.047 0.047 0.143706967131
0.0625175198519 -0.174458142337 0.0368989101191 0.250160166855 0.38903527565 -0.646417785773 0.656350211805 0.097 0.05 0.324919917599
0.240528408193 -0.444272347845 0.250160166855 0.43937966544 0.517122455867 -0.742284150746 0.426143878508 0.147 0.05 0.444027259638
0.526088248035 -0.810404294732 0.43937966544 0.459540994094 0.646334865385 -0.76209922805 0.0381576780444 0.197 0.05 0.528368854902
0.686398457684 -1.01929567527 0.459540994094 1.04892129333 -0.0353979393522 -0.0256181447798 0.999044892158 0.247 0.05 0.589943759147
0.468340004328 -1.26128719255 1.04892129333 1.15702262081 -0.653329662333 -0.737720044295 0.170086708952 0.297 0.05 0.635565989493
0.051580157419 -1.75063563186 1.15702262081 1.27443251889 -0.624465726362 -0.761129645835 0.175283253137 0.347 0.05 0.66982952443
0.013959138099 -2.29833026852 1.27443251889 1.42888235046 0.492878310897 -0.841324366712 0.221910523914 0.397 0.05 0.696000481839
0.323497843745 -2.75405099711 1.42888235046 0.854502105639 0.385654331401 -0.455294710605 -0.802482064078 0.447 0.05 0.715754619993
0.473361476302 -3.26958297431 0.854502105639 0.66562784595 0.0324378338694 -0.965444683623 -0.258581418121 0.497 0.05 0.730424719072
0.55046281995 -3.96202555337 0.66562784595 0.399726748257 0.176022090313 -0.916733978686 -0.35862938536 0.547 0.05 0.741437005856
0.356330894826 -4.47768797222 0.399726748257 -0.0118698585773 -0.691896191679 -0.468967113115 -0.54895310069 0.597 0.05 0.749784647025
-0.171243116869 -4.8543951769 -0.0118698585773 0.337178250614 -0.709843487828 -0.531732698635 0.461933501697 0.647 0.05 0.755624149167
-0.788224853116 -5.11737829869 0.337178250614 0.611448859636 -0.918138916579 -0.163435842839 0.360984286554 0.697 0.05 0.759785451163
-1.18617072525 -5.52452869539 0.611448859636 0.920219542571 -0.128936741117 -0.905183772697 0.404990931302 0.747 0.05 0.762413819841
-1.31587285956 -5.92168994212 0.920219542571 1.65944495064 -0.210943233888 -0.136435038433 0.967929972862 0.797 0.05 0.763717860588
-1.36029064742 -5.93923606697 1.65944495064 2.41695093959 0.0945789062665 0.090443308938 0.991400442988 0.847 0.05 0.764076710171
-1.36113481195 -5.52686552061 2.41695093959 2.50005266926 -0.0968261273814 0.989336424817 0.108803214966 0.897 0.05 0.763780093223
-1.02780726539 -5.07518430546 2.50005266926 2.60875495917 0.970677225503 0.193617963723 0.142470375914 0.947 0.05 0.762981702104
-0.300340458061 -4.86906066503 2.60875495917 2.61349944739 0.937749540304 0.347256398013 0.0062284587674 0.997 0.05 0.761743538393
0.375825076763 -4.53054242401 2.61349944739 2.63456533815 0.839434499372 0.542753632456 0.0277167047264 1.047 0.05 0.760043120895
1.01529428245 -4.12729277087 2.63456533815 2.54294473768 0.845669419032 0.519835953301 -0.12088761462 1.097 0.05 0.757898985412
1.59703948868 -3.70742927511 2.54294473768 2.85735369427 0.691776761339 0.590087589043 0.416222956753 1.147 0.05 0.755385909142
2.20169841821 -3.35667523244 2.85735369427 3.02861003739 0.912535321398 0.339848110909 0.227557792026 1.197 0.05 0.752583955029
2.88562958037 -3.37111799668 3.02861003739 2.89849006823 0.908656001101 -0.379749847789 -0.173592409876 1.247 0.05 0.749571765566
3.5558000365 -3.66055362585 2.89849006823 3.0881944142 0.88319509893 -0.394174744778 0.254150915415 1.297 0.05 0.74642401211
4.23442908045 -3.9352316299 3.0881944142 3.08763832374 0.939226172318 -0.343298175573 -0.000748251725568 1.347 0.05 0.743186337061
4.75742509644 -4.38693087382 3.08763832374 3.00965905235 0.470313376394 -0.876183261595 -0.105395541107 1.397 0.05 0.739872584471
5.01886769941 -5.0612505819 3.00965905235 3.15560936117 0.237494776392 -0.950960121526 0.198169317639 1.447 0.05 0.736492967546
5.34077676718 -5.6226040098 3.15560936117 2.78259788813 0.639656439066 -0.576123232351 -0.508843454421 1.497 0.05 0.733057426225
5.72979114572 -6.0543211944 2.78259788813 2.29050903581 0.423703560809 -0.604601975275 -0.674486281589 1.547 0.05 0.729575776037
6.14876983052 -6.4764682214 2.29050903581 1.99907354868 0.728360992121 -0.555314026225 -0.401393320118 1.597 0.05 0.726059634076
6.74285416458 -6.69213357035 1.99907354868 1.70492352751 0.912546054063 -0.0389463236331 -0.407115319154 1.647 0.05 0.722522605592
7.40217113079 -6.83361520249 1.70492352751 1.57332005543 0.916994291825 -0.354424812337 -0.183042402627 1.697 0.05 0.718978062994
7.97463838295 -7.08418483255 1.57332005543 2.03736678169 0.67879414578 -0.344286005905 0.648618265078 1.747 0.05 0.715438881771
8.32623793254 -7.25985616961 2.03736678169 2.70703929748 0.305602170504 -0.147527144122 0.940660967156 1.797 0.05 0.711916980906
8.70793346647 -7.36036982058 2.70703929748 3.14830089473 0.770488447049 -0.135513576096 0.62288331464 1.847 0.05 0.708417751566
9.22305456288 -7.32372451994 3.14830089473 3.63164645035 0.687171722939 0.240149432811 0.685655360304 1.897 0.05 0.704939512773
9.76763652646 -7.11908631503 3.63164645035 3.89386603763 0.862105128592 0.342113269972 0.373809119424 1.947 0.05 0.701479909529
10.3321134954 -6.964127149 3.89386603763 4.34946919976 0.750969869328 0.100184917132 0.652692299435 1.997 0.05 0.69803667445
10.773962427 -6.96962305334 4.34946919976 4.93827791912 0.517548702186 -0.116503957876 0.84768518252 2.047 0.05 0.694607775982
11.0502775217 -7.08287699863 4.93827791912 5.58577442357 0.279425247203 -0.210626104409 0.936780750959 2.097 0.05 0.691193220803
11.2060033083 -7.22675276051 5.58577442357 6.24823356204 0.172020291774 -0.206701328714 0.963163319446 2.147 0.05 0.687795231706
11.4534186841 -7.29611667888 6.24823356204 6.8197660307 0.550127284839 0.00502669520134 0.835065687722 2.197 0.05 0.684416180752
11.7589793523 -7.35936756188 6.8197660307 7.44579786557 0.344471693288 -0.190794398953 0.919204411353 2.247 0.05 0.681058344731
12.0438503804 -7.46482936404 7.44579786557 8.02926599903 0.494503338548 -0.119490379277 0.860923049654 2.297 0.05 0.677723907729
12.2812286063 -7.53337341121 8.02926599903 8.68668057653 0.207023456175 -0.0831930051541 0.974792394557 2.347 0.05 0.674414963805
12.3870737239 -7.58878932523 8.68668057653 9.35168523208 0.107386259974 -0.0815414799881 0.990867891401 2.397 0.05 0.671133519744
12.4231089833 -7.61615193546 9.35168523208 10.01956673 0.0 0.0 1.0 2.447 0.05 0.667881497887
