# x0 y0 zi zf ux uy uz E deltaE deltaX
-0.0 -0.0 -0.0 -0.143563591832 0.0319698882671 -0.0311819654032 -0.999002307944 0.047 0.047 0.143706967131
-0.0557203335293 0.149017170159 -0.143563591832 -0.167920714187 -0.357118651262 0.931046050458 -0.0749634634134 0.097 0.05 0.324919917599
-0.159487384807 0.442710555767 -0.167920714187 0.160159184606 -0.206066492153 0.641562784801 0.738873327418 0.147 0.05 0.444027259638
-0.100069231406 0.82381346533 0.160159184606 0.0759899156161 0.398084490907 0.903411413215 -0.159300208953 0.197 0.05 0.528368854902
0.281535935137 0.998736450892 0.0759899156161 -0.0855950020662 0.937165412635 -0.216102773876 -0.273898850826 0.247 0.05 0.589943759147
0.846904689889 1.06623608139 -0.0855950020662 -0.11904795815 0.909209480346 0.412998411044 -0.0526349059536 0.297 0.05 0.635565989493
1.36934928571 1.4365007262 -0.11904795815 -0.16414847321 0.697231984516 0.7136764332 -0.0673313334433 0.347 0.05 0.66982952443
1.77361114845 1.64500360322 -0.16414847321 -0.767531431773 0.490656494913 -0.0876950424556 -0.866928937992 0.397 0.05 0.696000481839
2.288700721 1.56604625452 -0.767531431773 -0.59830887774 0.962176099159 -0.135352120533 0.236425374431 0.447 0.05 0.715754619993
2.75230894118 1.36840867266 -0.59830887774 -1.22086912262 0.326569523073 -0.408524315147 -0.852326363861 0.497 0.05 0.730424719072
2.89116160128 0.851798067088 -1.22086912262 -1.13016760568 0.0528310129373 -0.991082111105 0.122332060885 0.547 0.05 0.741437005856
3.16454496993 0.253453351883 -1.13016760568 -1.43216869005 0.676988881085 -0.615996178672 -0.402783766739 0.597 0.05 0.749784647025
3.42949090912 -0.272960608649 -1.43216869005 -1.9025227599 0.0295067450693 -0.782086496734 -0.622470933957 0.647 0.05 0.755624149167
3.43159032956 -0.818720284893 -1.9025227599 -1.33121705676 -0.02381878755 -0.658812179217 0.751930301208 0.697 0.05 0.759785451163
3.43549205699 -1.06715178462 -1.33121705676 -0.569252259126 0.0339718699098 0.00484370726295 0.999411051847 0.747 0.05 0.762413819841
3.66896533204 -1.37561051569 -0.569252259126 -0.509367138527 0.57749851057 -0.812617333596 0.0784126228938 0.797 0.05 0.763717860588
4.25806275071 -1.65721067632 -0.509367138527 -0.702055459747 0.964757727246 0.0751365006418 -0.252184523694 0.847 0.05 0.764076710171
4.91068600682 -1.83749908196 -0.702055459747 -0.995163168879 0.743797340268 -0.547260743242 -0.383759293719 0.897 0.05 0.763780093223
5.27807222963 -2.41853177322 -0.995163168879 -1.02176634084 0.218451954043 -0.975224594479 -0.0348673787155 0.947 0.05 0.762981702104
5.06271372171 -2.9546731063 -1.02176634084 -0.681680728797 -0.784242766048 -0.430859112809 0.446456838689 0.997 0.05 0.761743538393
4.62554864596 -3.42000377265 -0.681680728797 -0.310175593906 -0.364371815641 -0.792661851665 0.488794812659 1.047 0.05 0.760043120895
4.27265826667 -3.9566269433 -0.310175593906 0.100753333768 -0.565830638257 -0.621176651255 0.542194851272 1.097 0.05 0.757898985412
3.76800320882 -4.42397956382 0.100753333768 0.236573229506 -0.768438545159 -0.614144481228 0.179801998017 1.147 0.05 0.755385909142
3.28266660473 -4.96744133399 0.236573229506 0.397768590614 -0.518487746799 -0.827824522284 0.21418920777 1.197 0.05 0.752583955029
2.74998283253 -5.4398724413 0.397768590614 0.348538134558 -0.900730278691 -0.42938485192 -0.0656781089119 1.247 0.05 0.749571765566
2.05225963115 -5.69848880665 0.348538134558 0.361446000903 -0.964980233435 -0.261751988098 0.0172929409232 1.297 0.05 0.74642401211
1.32521693801 -5.81524504361 0.361446000903 0.472836437036 -0.987371446771 -0.0513121715014 0.149882244301 1.347 0.05 0.743186337061
0.594553794729 -5.8565207361 0.472836437036 0.345771516257 -0.983311630924 -0.0600331477905 -0.171738922952 1.397 0.05 0.739872584471
-0.13009977418 -5.93897680143 0.345771516257 0.262502133956 -0.980025406774 -0.163606790232 -0.113062019558 1.447 0.05 0.736492967546
-0.857090597578 -5.9824556302 0.262502133956 0.251020243849 -0.998830105931 0.0457502941927 -0.0156630158787 1.497 0.05 0.733057426225
-1.5657362905 -6.08380838681 0.251020243849 0.335397748897 -0.939027283604 -0.323808867966 0.115652832535 1.547 0.05 0.729575776037
-2.20596995584 -6.27618869903 0.335397748897 0.723512203252 -0.820009464203 -0.204552782356 0.534549004159 1.597 0.05 0.726059634076
-2.74837344565 -6.35468373119 0.723512203252 1.25494820512 -0.677392242575 -0.011726340371 0.735528546448 1.647 0.05 0.722522605592
-3.21531540893 -6.25856323432 1.25494820512 1.78325238938 -0.618172850202 0.279165040029 0.734798753196 1.697 0.05 0.718978062994
-3.78250531411 -6.10734150706 1.78325238938 1.94295344077 -0.964341063235 0.142192320506 0.223221096107 1.747 0.05 0.715438881771
-4.44128405536 -5.89465489544 1.94295344077 2.03329108191 -0.881606152712 0.454608215756 0.126893505226 1.797 0.05 0.711916980906
-5.0235297018 -5.5017937219 2.03329108191 2.04420182769 -0.757830956531 0.652269141503 0.0154015702689 1.847 0.05 0.708417751566
-5.43102624171 -4.9881356052 2.04420182769 1.72783317853 -0.394547578176 0.801823680624 -0.448788361866 1.897 0.05 0.704939512773
-5.69791974843 -4.39985995523 1.72783317853 1.49759475183 -0.364450688374 0.871463454475 -0.328218133652 1.947 0.05 0.701479909529
-5.98781896918 -3.81483337278 1.49759475183 1.23302569654 -0.46436472101 0.800443701793 -0.379018846684 1.997 0.05 0.69803667445
-6.25680656451 -3.27836213143 1.23302569654 0.817874091196 -0.307845078157 0.740278817496 -0.59767773944 2.047 0.05 0.694607775982
-6.26590811533 -2.7167259743 0.817874091196 0.556124877868 0.283030095724 0.881184700463 -0.378691812144 2.097 0.05 0.691193220803
-6.08914531143 -2.07749248453 0.556124877868 0.550043902442 0.229569960756 0.973252005016 -0.00884125848231 2.147 0.05 0.687795231706
-5.97072202259 -1.41761699891 0.550043902442 0.748118686174 0.115352990696 0.950230139535 0.289406927105 2.197 0.05 0.684416180752
-6.02348324013 -0.825104200642 0.748118686174 1.12750724773 -0.270860624265 0.785061540971 0.55705735711 2.247 0.05 0.681058344731
-6.26624023346 -0.305491335857 1.12750724773 1.46530837898 -0.444195777669 0.744481654272 0.498434727474 2.297 0.05 0.677723907729
-6.45277943168 0.068639798063 1.46530837898 2.09001000031 -0.106813018799 0.361363944978 0.926286714946 2.347 0.05 0.674414963805
-6.54476584143 0.225140912627 2.09001000031 2.74810490215 -0.166787260646 0.103247677574 0.98057224454 2.397 0.05 0.671133519744
-6.60073410207 0.259787401255 2.74810490215 3.41598640004 0.0 0.0 1.0 2.447 0.05 0.667881497887
